ID Año Mes Día Hora Min Seg Lat Long Dep mb ms ml mp in 
20354 1982 1 2 0 30 0 11.13 -61.67 23 0 0 0 0 0 
20356 1982 1 2 2 20 0 10.97 -62.05 0 0 0 0 0 0 
20362 1982 1 4 2 18 0 7.11 -73.14 0 4 2.7 0 0 0 
20363 1982 1 4 10 29 0 10.9 -61.35 123 0 0 0 0 0 
20365 1982 1 5 1 0 0 11.49 -59.08 40 0 0 3.8 0 0 
20375 1982 1 9 13 52 0 11.19 -62.06 151 0 0 3.4 0 0 
20382 1982 1 10 21 40 0 11.06 -61.89 65 0 0 3.2 0 0 
20399 1982 1 15 3 59 0 9.4 -69.91 12 5.1 3.8 0 0 0 
20403 1982 1 17 13 41 0 11.36 -60.3 30 0 0 0 0 0 
20408 1982 1 19 7 56 0 10.91 -61.98 18 0 0 3.6 0 0 
20410 1982 1 20 17 55 0 6.97 -72.89 0 4 2.7 0 0 0 
20414 1982 1 22 21 38 0 12.21 -63.7 40 0 0 0 0 0 
20418 1982 1 23 20 48 0 11.24 -60.93 78 0 0 3.2 0 0 
20456 1982 2 11 8 40 0 6.77 -72.98 1 4.8 3.8 0 0 0 
20457 1982 2 11 12 48 0 7.19 -73.24 0 4 2.7 0 0 0 
20460 1982 2 12 3 43 0 10.71 -62.52 87 0 0 3.5 0 0 
20465 1982 2 12 17 29 0 6.8 -73.04 1 4.6 3.5 0 0 0 
20485 1982 2 16 7 53 0 11.63 -61.72 89 0 0 3.4 0 0 
20486 1982 2 16 8 32 0 6.76 -73.02 1 4.6 3.5 0 0 0 
20498 1982 2 20 16 44 0 10.97 -62.41 121 0 0 3.5 0 0 
20507 1982 2 22 2 6 0 6.67 -72.82 1 4.4 3.2 0 0 0 
20511 1982 2 23 12 24 0 10.83 -62.34 75 0 0 3.2 0 0 
20513 1982 2 23 20 7 0 6.79 -73.03 1 4.9 3.9 0 0 0 
20524 1982 2 27 22 16 0 11.9 -61.06 31 0 0 3.6 0 0 
20526 1982 2 28 2 56 0 7.15 -73.12 0 4 2.7 0 0 0 
20553 1982 3 6 13 38 0 7.66 -71.13 0 0 0 0 0 0 
20555 1982 3 7 12 10 0 7.12 -73.18 0 4.4 3.2 0 0 0 
20567 1982 3 9 12 21 0 6.77 -72.97 1 4.7 3.6 0 0 0 
20568 1982 3 9 15 4 0 6.76 -73.03 1 4.6 3.5 0 0 0 
20577 1982 3 10 23 23 0 10.97 -61.32 32 0 0 3 0 0 
20589 1982 3 14 15 16 0 9.98 -68.74 33 0 0 0 0 0 
20603 1982 3 18 2 11 0 10.5 -62.4 58 4.7 0 4.7 0 0 
20604 1982 3 18 5 29 0 10.52 -62 0 0 0 3.2 0 0 
20633 1982 3 26 13 41 0 11.15 -62.22 120 0 0 3.7 0 0 
20641 1982 3 27 20 53 0 11.93 -61 19 0 0 3.4 0 0 
20685 1982 4 5 1 12 0 6.74 -72.98 1 4.1 2.8 0 0 0 
20686 1982 4 5 2 40 0 9.06 -61.57 50 0 0 3.4 0 0 
20735 1982 4 20 1 40 0 11.21 -61.75 88 0 0 3.4 0 0 
20740 1982 4 21 10 57 0 6.81 -73.02 1 4.3 3 0 0 0 
20758 1982 4 29 1 35 0 6.72 -73 1 4.3 3 0 0 0 
20761 1982 4 29 11 51 0 10.86 -62.3 88 4.2 0 0 0 0 
20766 1982 5 1 14 59 0 6.75 -73.04 1 4.5 3.3 0 0 0 
20772 1982 5 4 0 21 0 11.3 -62.23 184 0 0 3.1 0 0 
20778 1982 5 6 6 0 0 10.04 -62.03 19 0 0 3.6 0 0 
20785 1982 5 9 3 50 0 6.98 -73.18 1 4 2.7 0 0 0 
20786 1982 5 9 8 29 0 10.59 -62.12 0 0 0 3.5 0 0 
20787 1982 5 10 1 25 0 10.7 -62.51 100 5.2 0 5.3 0 0 
20788 1982 5 11 0 37 0 10.73 -62.04 0 0 0 3.4 0 0 
20806 1982 5 15 3 48 0 6.84 -73.12 1 4.6 3.5 0 0 0 
20821 1982 5 22 2 32 0 11.21 -61.38 4 0 0 2.8 0 0 
20822 1982 5 22 3 0 0 11.19 -62.67 51 0 0 3.2 0 0 
20827 1982 5 24 8 55 0 11.19 -60.79 14 4.1 0 4.4 0 0 
20828 1982 5 24 9 19 0 11.21 -60.69 0 0 0 3 0 0 
20831 1982 5 24 23 20 0 6.68 -73.06 1 4.7 3.6 0 0 0 
20834 1982 5 25 6 59 0 8.65 -70.73 48 4.4 0 0 0 0 
20838 1982 5 27 11 26 0 8.75 -70.89 14 4.7 0 0 0 0 
20843 1982 5 29 19 55 0 10.88 -62.22 117 0 0 3.5 0 0 
20854 1982 6 1 19 10 0 6.75 -73.05 1 4.8 3.8 0 0 0 
20855 1982 6 2 13 31 0 10.81 -62.28 129 4.3 0 0 0 0 
20866 1982 6 6 22 49 0 11.35 -62.11 133 0 0 3.1 0 0 
20870 1982 6 9 12 41 0 6.9 -73.08 1 4.2 2.9 0 0 0 
20878 1982 6 10 15 38 0 6.89 -73.08 1 4.1 2.8 0 0 0 
20885 1982 6 12 12 30 0 11.87 -61.49 105 0 0 3.2 0 0 
20889 1982 6 13 11 7 0 11.41 -62.07 94 0 0 3.2 0 0 
20892 1982 6 13 17 2 0 10.65 -62 54 0 0 3.2 0 0 
20894 1982 6 14 6 4 0 10.7 -61.96 0 0 0 0 0 0 
20898 1982 6 16 13 36 0 11 -62.45 108 3.8 0 0 0 0 
20899 1982 6 16 16 49 0 10.81 -62.19 82 0 0 3 0 0 
20900 1982 6 16 20 12 0 11.65 -61.64 96 0 0 3 0 0 
20902 1982 6 17 7 33 0 6.9 -73.08 1 4.1 2.8 0 0 0 
20904 1982 6 17 23 41 0 10.19 -69.72 33 0 0 0 0 0 
20920 1982 6 23 22 45 0 10.75 -62.39 74 0 0 3.5 0 0 
20922 1982 6 24 23 34 0 9.77 -73.5 1 4.2 2.9 0 0 0 
20927 1982 6 26 18 23 0 11.05 -62.05 81 0 0 2.8 0 0 
20930 1982 6 28 17 53 0 6.93 -73.26 1 4.3 3 0 0 0 
20936 1982 6 30 10 4 0 11.01 -61.84 71 0 0 3 0 0 
20938 1982 7 1 0 56 0 10.71 -61.17 40 0 0 2.7 0 0 
20950 1982 7 4 6 16 0 7.7 -72.12 26 5.5 4 0 0 0 
20964 1982 7 9 14 47 0 6.77 -73.07 1 4.4 3.2 0 0 0 
20976 1982 7 13 21 15 0 10.86 -62.41 94 0 0 0 0 0 
20981 1982 7 16 0 48 0 6.69 -72.87 1 4.7 3.6 0 0 0 
20984 1982 7 17 22 24 0 6.79 -73.04 1 4.9 3.9 0 0 0 
20986 1982 7 19 8 46 0 10.81 -61.68 23 0 0 2.5 0 0 
20995 1982 7 22 0 59 0 10.36 -62.7 0 0 0 3.6 0 0 
20996 1982 7 22 1 17 0 10.62 -62.17 0 0 0 3.2 0 0 
21015 1982 8 1 20 33 0 10.85 -61.16 19 0 0 3 0 0 
21025 1982 8 3 17 56 0 11.22 -60.61 0 0 0 3.2 0 0 
21026 1982 8 3 19 30 0 6.82 -73.08 1 4 2.7 0 0 0 
21027 1982 8 3 22 8 0 10.75 -61.12 39 0 0 2.5 0 0 
21028 1982 8 4 0 16 0 11.31 -62.13 0 0 0 2.9 0 0 
21029 1982 8 4 1 12 0 10.45 -62.1 2 0 0 2.8 0 0 
21037 1982 8 5 0 11 0 11.57 -60.08 29 0 0 3.4 0 0 
21053 1982 8 8 4 44 0 11.07 -62.11 78 0 0 3.2 0 0 
21056 1982 8 8 8 29 0 11.03 -62.04 63 0 0 3.4 0 0 
21063 1982 8 10 8 24 0 10.68 -62.57 104 4.8 0 4.8 0 0 
21077 1982 8 13 21 16 0 10.9 -62.13 91 0 0 3.1 0 0 
21079 1982 8 14 3 48 0 11.22 -61.6 15 0 0 3 0 0 
21089 1982 8 15 7 26 0 6.75 -73 1 4.9 3.9 0 0 0 
21104 1982 8 18 14 5 0 10.52 -61.41 24 0 0 2.6 0 0 
21125 1982 8 24 19 4 0 10.67 -61.51 0 0 0 3 0 0 
21129 1982 8 26 7 47 0 6.76 -72.99 1 4.5 3.3 0 0 0 
21135 1982 8 28 0 45 0 6.75 -72.98 1 4.3 3 0 0 0 
21137 1982 8 28 5 58 0 7.41 -71.91 63 4.1 0 0 0 0 
21157 1982 9 4 23 54 0 11.22 -60.81 4 0 0 0 0 0 
21166 1982 9 6 18 5 0 10.97 -62.37 109 0 0 0 0 0 
21175 1982 9 8 22 35 0 7.07 -73.56 0 4.3 3 0 0 0 
21179 1982 9 9 14 28 0 11.38 -62.01 120 0 0 0 0 0 
21211 1982 9 13 17 52 0 11.24 -60.87 1 0 0 0 0 0 
21223 1982 9 16 0 18 0 10.55 -62.79 104 4.3 0 4.4 0 0 
21224 1982 9 16 0 41 0 10.83 -62.21 76 0 0 0 0 0 
21245 1982 9 20 16 26 0 11.25 -60.77 1 5.2 4 5.2 0 0 
21246 1982 9 20 17 40 0 11.23 -60.83 2 0 0 0 0 0 
21251 1982 9 21 11 27 0 11.27 -60.79 10 0 0 0 0 0 
21260 1982 9 22 15 35 0 6.8 -73.07 1 4.3 3 0 0 0 
21267 1982 9 25 1 18 0 6.82 -73.16 1 4.5 3.3 0 0 0 
21280 1982 9 27 13 36 0 11.04 -62.13 68 0 0 0 0 0 
21316 1982 10 7 12 50 0 10.78 -61.2 41 0 0 0 0 0 
21319 1982 10 8 10 29 0 6.87 -73.08 1 4.2 2.9 0 0 0 
21320 1982 10 8 12 32 0 6.92 -73.08 1 4 2.7 0 0 0 
21322 1982 10 8 14 27 0 6.93 -73.13 1 4.3 3 0 0 0 
21329 1982 10 10 14 36 0 11.68 -70.33 33 0 0 0 0 0 
21335 1982 10 11 5 11 0 11.18 -60.85 10 0 0 0 0 0 
21341 1982 10 14 17 16 0 10.94 -62.21 76 0 0 0 0 0 
21365 1982 10 21 1 23 0 12.43 -60.3 75 4.5 0 4.6 0 0 
21367 1982 10 21 16 2 0 6.8 -73.03 1 4.8 3.8 0 0 0 
21383 1982 10 24 13 24 0 6.87 -73.11 1 4.2 2.9 0 0 0 
21387 1982 10 25 17 6 0 11.32 -62.09 105 5 0 0 0 0 
21404 1982 10 30 0 40 0 11.28 -60.88 5 0 0 0 0 0 
21441 1982 11 5 18 26 0 6.69 -72.87 1 4.4 3.2 0 0 0 
21442 1982 11 5 21 19 0 6.92 -73.08 1 4.3 3 0 0 0 
21459 1982 11 11 5 11 0 11.24 -60.89 5 0 0 0 0 0 
21486 1982 11 16 0 50 0 7.2 -72.38 0 4.9 3.9 0 0 0 
21524 1982 11 23 17 27 0 10.57 -63.2 23 4.8 0 4.8 0 0 
21536 1982 11 25 18 1 0 11.12 -61.75 48 0 0 0 0 0 
21543 1982 11 27 12 13 0 10.74 -63.25 33 4.3 0 4.3 0 0 
21549 1982 11 27 20 44 0 11.3 -61.56 1 0 0 0 0 0 
21551 1982 11 28 10 11 0 10.94 -61.58 17 0 0 0 0 0 
21563 1982 12 2 1 11 0 11.93 -61.98 61 0 0 0 0 0 
21569 1982 12 2 21 13 0 11.26 -61.73 5 0 0 0 0 0 
21572 1982 12 3 0 32 0 11.19 -60.85 9 0 0 0 0 0 
21591 1982 12 6 5 0 0 11.7 -61.06 67 0 0 0 0 0 
21594 1982 12 7 1 10 0 10.94 -62.08 61 0 0 0 0 0 
21610 1982 12 11 10 18 0 8.65 -71.72 14 5.1 0 0 0 0 
21623 1982 12 13 0 58 0 11.12 -61.71 12 0 0 0 0 0 
21627 1982 12 14 7 5 0 10.94 -62.15 51 0 0 0 0 0 
21649 1982 12 22 6 16 0 12.65 -71.07 100 4.5 0 0 0 0 
21656 1982 12 23 22 47 0 6.72 -73.02 1 4.8 3.8 0 0 0 
21692 1983 1 2 17 21 0 6.78 -72.95 1 4.4 3.2 0 0 0 
21698 1983 1 4 23 5 0 6.76 -73 1 4.5 3.3 0 0 0 
21702 1983 1 6 8 23 0 6.74 -73.04 1 5.2 4.4 0 0 0 
21711 1983 1 9 18 43 0 9.92 -69.8 8 0 0 0 0 0 
21716 1983 1 10 17 2 0 6.76 -72.97 1 4.9 3.9 0 0 0 
21717 1983 1 10 19 17 0 10.86 -62.13 65 0 0 0 0 0 
21724 1983 1 13 12 0 0 11.79 -73.64 0 5.1 4.2 0 0 0 
21725 1983 1 13 12 9 0 12.04 -73.45 0 4.7 3.6 0 0 0 
21729 1983 1 14 9 59 0 12.04 -73.34 0 4.1 2.8 4.4 0 0 
21733 1983 1 16 9 11 0 6.77 -73.05 1 4.2 2.9 0 0 0 
21748 1983 1 20 13 48 0 11.21 -62.31 91 0 0 0 0 0 
21761 1983 1 24 15 36 0 11.21 -62 85 0 0 0 0 0 
21808 1983 2 4 21 48 0 10.58 -62.62 107 0 0 0 0 0 
21810 1983 2 5 5 48 0 10.91 -62.15 61 0 0 0 0 0 
21827 1983 2 9 0 47 0 12.37 -73.26 0 4.3 3 4.6 0 0 
21850 1983 2 13 10 37 0 10.87 -62.11 65 0 0 0 0 0 
21866 1983 2 17 2 50 0 10.61 -62.77 0 0 0 0 0 0 
21920 1983 2 26 19 33 0 10.89 -61.65 23 0 0 0 0 0 
21925 1983 2 27 17 9 0 11.04 -61.84 51 0 0 0 0 0 
21937 1983 3 1 13 4 0 11.06 -61.71 32 0 0 0 0 0 
21967 1983 3 7 23 14 0 6.83 -73.02 1 4.9 3.9 0 0 0 
21969 1983 3 8 17 6 0 11.03 -62.34 84 5.7 0 5.9 0 0 
21970 1983 3 8 17 16 0 11.6 -62.25 37 0 0 0 0 0 
21974 1983 3 9 19 30 0 6.84 -73.04 1 4.7 3.6 0 0 0 
21984 1983 3 12 13 9 0 11.06 -61.92 41 0 0 0 0 0 
21986 1983 3 12 18 47 0 10.67 -62.64 86 0 0 0 0 0 
21994 1983 3 15 14 25 0 6.86 -73.07 1 4 2.7 0 0 0 
22016 1983 3 19 3 0 0 10.6 -63.17 27 4.6 0 4.8 0 0 
22031 1983 3 21 10 49 0 11 -61.29 23 0 0 0 0 0 
22040 1983 3 22 15 8 0 11.02 -62.01 50 0 0 0 0 0 
22073 1983 3 25 20 11 0 11.05 -62.33 83 0 0 0 0 0 
22076 1983 3 26 9 20 0 11.21 -62.15 90 4.8 0 4.9 0 0 
22112 1983 3 31 7 49 0 6.81 -73.01 1 4.5 3.3 0 0 0 
22156 1983 4 8 2 19 0 6.66 -73.07 1 4.2 2.9 0 0 0 
22180 1983 4 11 8 6 0 10.47 -62.74 43 4.7 0 4.8 0 0 
22182 1983 4 11 8 15 0 10.41 -62.58 65 4.2 0 4.4 0 0 
22183 1983 4 11 8 18 0 10.43 -62.71 38 5.9 5.9 6 0 0 
22184 1983 4 11 8 28 0 10.63 -61.7 5 0 0 0 0 0 
22185 1983 4 11 8 42 0 9.8 -62.1 33 4.2 0 4.2 0 0 
22188 1983 4 11 9 53 0 10.37 -62.72 2 0 0 0 0 0 
22189 1983 4 11 11 25 0 10.64 -62.35 7 0 0 0 0 0 
22192 1983 4 11 20 27 0 10.66 -62.12 0 0 0 0 0 0 
22194 1983 4 11 21 29 0 10.54 -61.78 1 0 0 0 0 0 
22195 1983 4 11 22 45 0 10.74 -62 17 0 0 0 0 0 
22196 1983 4 11 22 56 0 10.57 -62.08 0 0 0 0 0 0 
22197 1983 4 12 2 4 0 10.69 -62 1 0 0 0 0 0 
22199 1983 4 12 5 56 0 10.43 -62.59 57 4.2 0 4.2 0 0 
22210 1983 4 12 16 29 0 10.64 -62.01 0 0 0 0 0 0 
22216 1983 4 13 8 37 0 10.61 -62.09 0 0 0 0 0 0 
22233 1983 4 16 1 56 0 10.53 -61.37 32 0 0 0 0 0 
22236 1983 4 16 16 10 0 11.23 -60.96 4 0 0 0 0 0 
22237 1983 4 16 23 31 0 10.98 -61.72 32 0 0 0 0 0 
22245 1983 4 18 7 41 0 10.76 -62.16 15 0 0 0 0 0 
22249 1983 4 19 0 41 0 10.56 -61.74 0 0 0 0 0 0 
22280 1983 4 23 5 55 0 10.6 -61.72 1 0 0 0 0 0 
22286 1983 4 24 10 41 0 10.74 -62.13 1 0 0 0 0 0 
22289 1983 4 24 19 42 0 11.03 -62 57 0 0 0 0 0 
22311 1983 4 29 0 26 0 10.7 -61.87 2 0 0 0 0 0 
22314 1983 4 29 11 19 0 10.61 -61.82 1 0 0 0 0 0 
22317 1983 4 30 4 16 0 6.73 -72.94 1 4.6 3.5 0 0 0 
22323 1983 4 30 21 19 0 10.66 -61.76 5 0 0 0 0 0 
22327 1983 5 1 4 27 0 11.09 -61.95 43 0 0 0 0 0 
22328 1983 5 1 4 50 0 10.87 -61.7 24 0 0 0 0 0 
22330 1983 5 1 13 22 0 10.53 -62 4 0 0 0 0 0 
22335 1983 5 2 6 58 0 10.63 -61.77 0 0 0 0 0 0 
22340 1983 5 2 21 45 0 10.32 -62.61 72 0 0 0 0 0 
22341 1983 5 2 21 55 0 10.31 -62.63 45 4.5 0 4.5 0 0 
22342 1983 5 3 0 9 0 10.3 -62.86 4 0 0 0 0 0 
22343 1983 5 3 0 22 0 10.27 -62.73 1 0 0 0 0 0 
22344 1983 5 3 0 40 0 10.54 -62.72 1 0 0 0 0 0 
22346 1983 5 3 18 2 0 10.65 -61.79 3 0 0 0 0 0 
22350 1983 5 5 1 19 0 11.81 -64.23 26 0 0 0 0 0 
22354 1983 5 6 6 7 0 10.6 -62.15 0 0 0 0 0 0 
22359 1983 5 7 4 17 0 10.84 -61.73 4 0 0 0 0 0 
22364 1983 5 7 21 27 0 10.63 -61.92 1 0 0 0 0 0 
22378 1983 5 10 17 39 0 11.03 -62.28 111 4.1 0 4.2 0 0 
22389 1983 5 12 22 33 0 10.95 -62.12 1 0 0 0 0 0 
22429 1983 5 19 23 22 0 6.75 -72.96 1 5.1 4.2 0 0 0 
22475 1983 5 27 2 39 0 10.94 -62.05 40 0 0 0 0 0 
22482 1983 5 28 16 1 0 6.64 -72.87 1 5 4.1 0 0 0 
22483 1983 5 28 19 48 0 6.86 -73.03 1 4.7 3.6 0 0 0 
22513 1983 6 2 9 52 0 11.16 -60.76 5 0 0 0 0 0 
22544 1983 6 7 23 14 0 6.43 -73.32 1 4.6 3.5 0 0 0 
22553 1983 6 9 20 38 0 6.76 -72.95 1 4.7 3.6 0 0 0 
22563 1983 6 11 21 27 0 11.19 -61.71 12 0 0 0 0 0 
22569 1983 6 12 9 22 0 10.53 -62.15 0 0 0 0 0 0 
22575 1983 6 13 6 14 0 6.8 -72.95 1 4.8 3.8 0 0 0 
22587 1983 6 15 7 37 0 6.86 -73.04 1 4.4 3.2 0 0 0 
22589 1983 6 15 8 33 0 8.1 -72.07 52 5 4.2 0 0 0 
22596 1983 6 17 20 13 0 10.17 -61.97 53 0 0 0 0 0 
22634 1983 6 27 2 4 0 10.73 -61.51 46 0 0 0 0 0 
22666 1983 7 5 0 7 0 10.73 -62.19 0 0 0 0 0 0 
22677 1983 7 7 3 8 0 11.29 -61.75 1 0 0 0 0 0 
22686 1983 7 10 12 19 0 10.81 -62.07 1 0 0 0 0 0 
22705 1983 7 13 23 9 0 10.82 -62.17 72 0 0 0 0 0 
22742 1983 7 22 10 2 0 10.73 -62.95 18 0 0 0 0 0 
22749 1983 7 23 21 29 0 6.88 -73.07 1 4.7 3.6 0 0 0 
22750 1983 7 23 22 6 0 11.3 -61.5 5 0 0 0 0 0 
22751 1983 7 24 7 16 0 10.85 -62.15 79 0 0 0 0 0 
22752 1983 7 24 15 39 0 6.82 -73.06 1 4.9 3.9 0 0 0 
22773 1983 7 31 3 52 0 10.54 -62.1 5 0 0 0 0 0 
22774 1983 7 31 5 42 0 11.14 -60.96 0 0 0 0 0 0 
22784 1983 8 3 10 11 0 10.93 -62.11 77 0 0 0 0 0 
22794 1983 8 5 7 28 0 10.59 -61.79 0 0 0 0 0 0 
22796 1983 8 5 8 43 0 10.85 -62.37 64 0 0 0 0 0 
22823 1983 8 11 14 41 0 10.63 -61.08 19 0 0 0 0 0 
22829 1983 8 13 10 34 0 10.89 -61.83 64 0 0 0 0 0 
22831 1983 8 14 5 5 0 9 -73.99 1 5 4.1 0 0 0 
22853 1983 8 20 0 35 0 11.23 -61.7 1 0 0 0 0 0 
22856 1983 8 20 23 29 0 11.89 -60.13 12 0 0 0 0 0 
22861 1983 8 21 19 23 0 10.76 -61.76 34 0 0 0 0 0 
22864 1983 8 21 21 53 0 11.49 -62.19 87 0 0 0 0 0 
22884 1983 8 26 10 10 0 11.14 -62.08 66 0 0 0 0 0 
22899 1983 8 29 8 24 0 6.79 -73 1 5 4.1 0 0 0 
22913 1983 9 1 7 19 0 10.49 -61.65 28 0 0 0 0 0 
22932 1983 9 5 7 49 0 11.11 -62.07 74 0 0 0 0 0 
22956 1983 9 11 10 40 0 10.93 -62.01 60 0 0 0 0 0 
22968 1983 9 14 14 11 0 10.9 -65.09 4 0 0 0 0 0 
23016 1983 10 2 2 59 0 10.54 -62.14 1 0 0 0 0 0 
23035 1983 10 6 6 52 0 9.98 -61.01 53 0 0 0 0 0 
23048 1983 10 7 16 50 0 6.72 -73 1 4.1 2.8 0 0 0 
23076 1983 10 13 22 48 0 11.78 -61.94 18 0 0 0 0 0 
23090 1983 10 17 3 50 0 11.11 -62.12 88 0 0 0 0 0 
23121 1983 10 23 11 25 0 10.37 -63 12 0 0 0 0 0 
23123 1983 10 24 0 58 0 7.08 -73.38 1 4.4 3.2 0 0 0 
23125 1983 10 24 4 13 0 6.76 -73.04 1 4.6 3.5 0 0 0 
23145 1983 10 28 14 22 0 11.01 -62.05 124 0 0 0 0 0 
23173 1983 11 6 19 38 0 7.47 -73.18 1 4.7 3.6 0 0 0 
23189 1983 11 11 7 5 0 11.35 -61.67 16 0 0 0 0 0 
23194 1983 11 12 18 7 0 10.55 -62.15 3 0 0 0 0 0 
23206 1983 11 15 2 17 0 10.96 -60.86 22 0 0 0 0 0 
23221 1983 11 18 0 44 0 6.95 -73.14 1 4.4 3.2 0 0 0 
23222 1983 11 18 8 32 0 6.9 -73.13 1 4.8 3.8 0 0 0 
23234 1983 11 20 8 14 0 10.61 -60.98 17 0 0 0 0 0 
23246 1983 11 24 9 21 0 10.31 -62.2 50 0 0 0 0 0 
23250 1983 11 24 22 42 0 10.64 -61.68 0 0 0 0 0 0 
23257 1983 11 26 12 33 0 10.88 -61.72 5 0 0 0 0 0 
23332 1983 12 13 12 18 0 6.84 -73.14 1 4.5 3.3 0 0 0 
23334 1983 12 13 16 12 0 10.23 -63.59 11 0 0 0 0 0 
23346 1983 12 16 2 27 0 10.61 -61.61 22 0 0 0 0 0 
23366 1983 12 20 16 53 0 12.17 -69.7 23 4.5 0 0 0 0 
23392 1983 12 25 17 3 0 10.85 -61.49 36 0 0 0 0 0 
23393 1983 12 25 18 48 0 9.98 -62.87 24 0 0 0 0 0 
23399 1983 12 27 8 14 0 11.09 -60.85 30 0 0 0 0 0 
23411 1983 12 31 12 18 0 6.85 -73.04 1 4.7 3.6 0 0 0 
23434 1984 1 3 21 7 0 10.69 -62.08 0 0 0 2.8 0 0 
23448 1984 1 6 11 37 0 6.76 -73.01 1 5 4.1 0 0 0 
23453 1984 1 7 2 23 0 10.88 -65.69 4 0 0 0 0 0 
23489 1984 1 13 22 20 0 10.45 -61.82 1 0 0 3.3 0 0 
23499 1984 1 15 20 14 0 11.08 -60.61 62 5.1 0 4.7 0 0 
23506 1984 1 16 18 26 0 7.1 -73.35 1 4.4 3.2 0 0 0 
23551 1984 1 23 21 36 0 10.72 -62.69 120 5 0 4.9 0 0 
23557 1984 1 25 12 20 0 11.29 -62.03 99 0 0 0 0 0 
23595 1984 1 31 0 41 0 10.9 -61.54 26 0 0 0 0 0 
23600 1984 1 31 23 4 0 10.62 -62.07 0 0 0 0 0 0 
23622 1984 2 5 5 40 0 10.78 -60.78 25 0 0 2.5 0 0 
23628 1984 2 5 22 28 0 11.21 -62.36 126 0 0 0 0 0 
23635 1984 2 7 2 17 0 8.97 -67.82 78 0 0 0 0 0 
23637 1984 2 8 1 36 0 10.94 -62.09 73 0 0 4.1 0 0 
23639 1984 2 8 8 35 0 10.84 -62.15 0 4.3 0 4.5 0 0 
23658 1984 2 11 13 57 0 12.09 -60 63 5.3 0 5.4 0 0 
23664 1984 2 12 21 25 0 11.55 -65.03 30 0 0 0 0 0 
23707 1984 2 19 6 22 0 10.27 -62.19 2 0 0 0 0 0 
23713 1984 2 20 6 59 0 11.51 -60.91 48 0 0 2.7 0 0 
23723 1984 2 21 6 51 0 10.52 -61.77 0 0 0 0 0 0 
23741 1984 2 24 12 7 0 11.05 -61.8 31 0 0 0 0 0 
23751 1984 2 26 7 19 0 6.82 -73.02 1 4.9 3.9 0 0 0 
23776 1984 3 1 4 13 0 10.97 -62.06 64 0 0 0 0 0 
23787 1984 3 2 2 58 0 6.81 -73 1 4.8 3.8 0 0 0 
23800 1984 3 4 3 12 0 10.9 -61.86 52 0 0 0 0 0 
23820 1984 3 6 21 53 0 10.59 -62.9 31 0 0 0 0 0 
23824 1984 3 8 1 52 0 10.25 -62.94 8 0 0 0 0 0 
23830 1984 3 8 16 46 0 11.01 -60.72 61 4.5 0 4.5 0 0 
23837 1984 3 9 17 48 0 11.03 -61.83 77 4.2 0 4.2 0 0 
23860 1984 3 13 2 58 0 10.66 -62.47 103 0 0 0 0 0 
23890 1984 3 18 3 21 0 11.03 -61.65 33 0 0 0 0 0 
23899 1984 3 19 8 51 0 10.46 -63.01 33 0 0 0 0 0 
23924 1984 3 21 11 20 0 6.72 -72.99 1 4.8 3.8 0 0 0 
23984 1984 3 31 8 32 0 11.83 -60.38 32 0 0 2.8 0 0 
23994 1984 4 1 11 30 0 6.75 -72.99 1 4.4 3.2 0 0 0 
24002 1984 4 2 6 8 0 11.8 -61.11 20 0 0 0 0 0 
24056 1984 4 11 0 39 0 6.8 -72.96 1 4.1 2.8 0 0 0 
24063 1984 4 11 23 40 0 11.58 -61.85 104 0 0 0 0 0 
24084 1984 4 14 20 55 0 6.75 -73.07 1 4.9 3.9 0 0 0 
24086 1984 4 15 6 0 0 11.07 -61.81 31 0 0 0 0 0 
24090 1984 4 15 20 49 0 11.45 -61.89 19 0 0 2.9 0 0 
24130 1984 4 20 8 47 0 12.63 -73.64 0 4.3 3 0 0 0 
24131 1984 4 20 9 18 0 11.91 -73.56 0 4.9 3.9 0 0 0 
24152 1984 4 22 0 43 0 6.74 -72.98 1 4.4 3.2 0 0 0 
24161 1984 4 22 14 33 0 6.94 -73.19 1 4.7 3.6 0 0 0 
24177 1984 4 24 12 20 0 11.33 -61.92 15 0 0 0 0 0 
24179 1984 4 24 14 9 0 6.69 -71.7 0 5.1 4 0 0 0 
24194 1984 4 27 5 41 0 11.28 -63.51 5 0 0 3.3 0 0 
24202 1984 4 28 12 14 0 10.37 -62.22 118 0 0 3 0 0 
24216 1984 4 29 23 5 0 11.85 -61.86 69 0 0 3.5 0 0 
24291 1984 5 11 4 15 0 11.86 -60.93 80 0 0 0 0 0 
24292 1984 5 11 4 22 0 11.94 -61.57 80 0 0 0 0 0 
24293 1984 5 11 8 53 0 11.98 -61.34 4 0 0 0 0 0 
24323 1984 5 16 10 36 0 10.77 -62.24 66 0 0 0 0 0 
24336 1984 5 18 4 21 0 11.6 -61.17 0 0 0 0 0 0 
24339 1984 5 18 15 52 0 10.87 -62.13 96 0 0 0 0 0 
24348 1984 5 21 3 30 0 6.63 -72.8 1 4.5 3.3 0 0 0 
24354 1984 5 21 23 20 0 11.25 -61.65 0 0 0 0 0 0 
24360 1984 5 23 0 21 0 6.88 -73.12 1 4.2 2.9 0 0 0 
24374 1984 5 25 0 12 0 11.51 -62.06 111 0 0 0 0 0 
24375 1984 5 25 0 59 0 10.37 -62.42 41 4.7 3.7 4.8 0 0 
24376 1984 5 25 1 52 0 10.43 -62.18 0 0 0 0 0 0 
24389 1984 5 27 14 31 0 10.95 -62.03 28 0 0 0 0 0 
24396 1984 5 29 4 34 0 6.89 -73.19 1 4.7 3.6 0 0 0 
24399 1984 5 29 5 56 0 10.53 -61.77 0 0 0 0 0 0 
24400 1984 5 29 7 53 0 10.56 -61.77 10 0 0 0 0 0 
24416 1984 5 31 11 59 0 11.16 -62.13 94 0 0 0 0 0 
24426 1984 6 3 0 6 0 10.86 -61.93 35 0 0 0 0 0 
24478 1984 6 12 23 8 0 7.91 -71.31 38 4.7 3 0 0 0 
24483 1984 6 13 14 8 0 10.53 -61.11 13 0 0 0 0 0 
24490 1984 6 14 10 4 0 9.92 -69.77 37 5.2 4.6 0 0 0 
24491 1984 6 14 10 58 0 9.79 -69.9 0 0 0 0 0 0 
24505 1984 6 17 21 22 0 11.29 -62.03 111 0 0 0 0 0 
24507 1984 6 18 2 32 0 11.42 -60.91 6 0 0 0 0 0 
24521 1984 6 20 19 36 0 11.18 -61.91 30 0 0 0 0 0 
24524 1984 6 20 21 22 0 11.3 -60.77 0 0 0 2.5 0 0 
24531 1984 6 21 9 13 0 9.68 -69.92 33 0 0 0 0 0 
24557 1984 6 26 0 50 0 11.63 -61.47 6 0 0 0 0 0 
24560 1984 6 26 10 32 0 10.91 -62.07 88 0 0 0 0 0 
24572 1984 6 27 23 38 0 10.96 -61.83 50 0 0 0 0 0 
24590 1984 7 2 7 52 0 10.76 -64.83 22 0 0 0 0 0 
24619 1984 7 9 10 13 0 11.38 -61.9 26 0 0 0 0 0 
24638 1984 7 13 11 16 0 11.23 -61.69 10 0 0 0 0 0 
24670 1984 7 20 12 47 0 11.07 -60.78 92 0 0 0 0 0 
24674 1984 7 21 6 38 0 10.78 -60.19 20 0 0 0 0 0 
24734 1984 7 30 23 48 0 10.8 -62.32 0 0 0 0 0 0 
24746 1984 8 1 20 49 0 10.96 -61.7 46 0 0 0 0 0 
24761 1984 8 4 7 44 0 11.06 -61.9 100 0 0 0 0 0 
24771 1984 8 7 6 19 0 10.88 -62.25 91 0 0 0 0 0 
24776 1984 8 8 4 44 0 11.26 -61.73 1 0 0 0 0 0 
24789 1984 8 10 21 6 0 10.72 -61.84 39 0 0 0 0 0 
24792 1984 8 11 13 14 0 6.77 -73.01 1 4.7 3.6 0 0 0 
24816 1984 8 14 8 54 0 11.08 -62.14 114 0 0 0 0 0 
24818 1984 8 15 4 33 0 10.9 -62.17 84 0 0 0 0 0 
24827 1984 8 16 12 47 0 11.28 -61.64 2 0 0 0 0 0 
24856 1984 8 20 12 12 0 10.23 -61.42 58 0 0 0 0 0 
24859 1984 8 20 23 29 0 10.39 -62.39 19 5 4.3 5.1 0 0 
24861 1984 8 20 23 55 0 10.45 -62.45 10 5.1 4.5 5.2 0 0 
24862 1984 8 21 0 8 0 10.55 -61.69 2 0 0 0 0 0 
24863 1984 8 21 2 2 0 10.65 -61.94 0 0 0 0 0 0 
24864 1984 8 21 2 10 0 10.66 -61.86 0 0 0 0 0 0 
24866 1984 8 21 2 45 0 10.5 -61.86 0 0 0 0 0 0 
24867 1984 8 21 3 8 0 10.6 -61.92 7 0 0 0 0 0 
24871 1984 8 21 23 56 0 10.77 -61.71 9 0 0 0 0 0 
24875 1984 8 22 20 53 0 10.58 -61.77 1 0 0 0 0 0 
24888 1984 8 24 9 51 0 11.08 -61.8 25 0 0 0 0 0 
24914 1984 8 28 1 2 0 10.64 -61.85 18 0 0 0 0 0 
24921 1984 8 29 0 24 0 10.89 -62.37 80 0 0 3.9 0 0 
24944 1984 9 1 12 24 0 11.52 -61.61 73 0 0 0 0 0 
24946 1984 9 1 19 2 0 11.94 -60.11 5 0 0 0 0 0 
24951 1984 9 2 4 41 0 11.28 -61.42 68 0 0 0 0 0 
24952 1984 9 2 4 54 0 10.64 -61.49 35 0 0 0 0 0 
24961 1984 9 3 16 59 0 6.75 -73.01 1 4.7 3.6 0 0 0 
24965 1984 9 3 19 41 0 10.62 -62.46 80 0 0 3.6 0 0 
24974 1984 9 6 3 53 0 11.43 -61.45 87 0 0 0 0 0 
25015 1984 9 14 11 18 0 11.35 -61.11 7 0 0 0 0 0 
25016 1984 9 14 11 49 0 10.66 -62.37 98 0 0 0 0 0 
25025 1984 9 16 5 5 0 11.04 -62.1 93 0 0 0 0 0 
25042 1984 9 19 9 10 0 10.77 -62.26 103 3.5 0 4 0 0 
25046 1984 9 20 9 36 0 6.89 -73.14 1 4.8 3.8 0 0 0 
25089 1984 9 27 23 13 0 11.38 -61.43 17 0 0 0 0 0 
25114 1984 10 2 20 30 0 6.84 -73.02 1 4.5 3.3 0 0 0 
25132 1984 10 5 10 30 0 11.71 -60.16 63 5.6 0 5.7 0 0 
25133 1984 10 5 14 56 0 10.78 -62.44 105 0 0 0 0 0 
25139 1984 10 7 2 40 0 10.85 -61.25 27 0 0 0 0 0 
25140 1984 10 7 2 42 0 10.83 -61.15 29 0 0 0 0 0 
25148 1984 10 8 2 31 0 10.93 -61.92 38 0 0 0 0 0 
25162 1984 10 10 9 57 0 10.56 -62.39 105 0 0 0 0 0 
25171 1984 10 10 23 44 0 11.82 -61.71 74 0 0 0 0 0 
25193 1984 10 14 14 3 0 10.92 -62.22 110 0 0 4.2 0 0 
25209 1984 10 16 12 11 0 6.88 -73.12 1 4.6 3.5 0 0 0 
25226 1984 10 18 23 3 0 10.47 -62.41 11 0 0 0 0 0 
25272 1984 10 24 5 6 0 10.74 -62.21 119 0 0 0 0 0 
25284 1984 10 26 6 23 0 11.33 -61.91 99 0 0 0 0 0 
25290 1984 10 27 10 22 0 10.82 -61.13 34 0 0 0 0 0 
25292 1984 10 27 14 54 0 10.23 -62.01 63 0 0 0 0 0 
25294 1984 10 28 0 24 0 10.96 -61.93 81 0 0 0 0 0 
25300 1984 10 28 16 16 0 10.78 -62.88 0 0 0 3.4 0 0 
25309 1984 10 29 22 4 0 11.18 -62.07 110 0 0 0 0 0 
25335 1984 11 2 6 53 0 8.28 -71.15 13 4.5 0 0 0 0 
25357 1984 11 4 13 14 0 6.78 -73.04 1 5.1 4.2 0 0 0 
25364 1984 11 6 5 21 0 9.92 -72.88 203 0 0 0 0 0 
25379 1984 11 7 16 16 0 9.76 -69.03 33 0 0 0 0 0 
25411 1984 11 10 20 44 0 10.82 -61.43 69 0 0 0 0 0 
25421 1984 11 12 1 36 0 10.6 -61.81 97 0 0 0 0 0 
25435 1984 11 13 8 33 0 11.01 -69.34 37 4.1 0 0 0 0 
25442 1984 11 14 0 25 0 11.15 -61.87 44 0 0 0 0 0 
25443 1984 11 14 6 22 0 10.06 -68.9 157 0 0 0 0 0 
25444 1984 11 14 14 3 0 10.92 -62.22 110 0 0 0 0 0 
25476 1984 11 18 23 0 0 8.79 -73.15 1 4.8 3.8 0 0 0 
25501 1984 11 21 19 30 0 10.86 -70.61 0 0 0 0 0 0 
25619 1984 12 6 0 56 0 6.93 -73.16 1 4.3 3 0 0 0 
25645 1984 12 9 14 45 0 6.84 -73.03 1 4.8 3.8 0 0 0 
25660 1984 12 11 10 56 0 9.09 -63.91 28 0 0 4.4 0 0 
25702 1984 12 16 4 9 0 11.87 -61.81 84 0 0 0 0 0 
25750 1984 12 22 4 7 0 11.95 -59.88 58 0 0 4.2 0 0 
25809 1984 12 30 5 13 0 6.78 -73.08 1 4.8 3.8 0 0 0 
25911 1985 1 9 4 48 0 11.86 -61.18 8 0 0 0 0 0 
26023 1985 1 20 13 3 0 10.62 -62.51 96 4.4 0 4.5 0 0 
26062 1985 1 24 22 31 0 10.72 -62.22 19 4.7 0 4.9 0 0 
26065 1985 1 25 12 45 0 10.83 -62.7 0 0 0 3.9 0 0 
26099 1985 1 27 6 6 0 6.86 -73.06 1 4.6 3.5 0 0 0 
26145 1985 2 1 10 22 0 11.03 -60.84 41 0 0 0 0 0 
26161 1985 2 3 1 21 0 11.06 -60.8 2 0 0 0 0 0 
26162 1985 2 3 6 12 0 6.75 -72.9 1 4.8 3.8 0 0 0 
26167 1985 2 3 22 16 0 7.31 -72.05 33 0 0 0 0 0 
26196 1985 2 6 6 50 0 6.65 -72.98 1 4.3 3 0 0 0 
26202 1985 2 6 21 1 0 6.7 -72.99 1 4.8 3.8 0 0 0 
26213 1985 2 8 4 14 0 11.1 -60.87 5 0 0 0 0 0 
26215 1985 2 8 13 1 0 11.32 -60.91 1 0 0 0 0 0 
26269 1985 2 13 2 54 0 10.78 -62.37 89 3.9 0 4 0 0 
26279 1985 2 14 0 47 0 6.79 -72.97 1 5 4.1 0 0 0 
26289 1985 2 14 9 28 0 6.76 -73.03 1 5.3 4.5 0 0 0 
26302 1985 2 15 7 50 0 6.47 -72.99 1 4.4 3.2 0 0 0 
26305 1985 2 15 16 48 0 11.84 -60.31 19 0 0 0 0 0 
26506 1985 2 23 6 50 0 7.16 -71.38 33 0 0 0 0 0 
26526 1985 2 23 13 27 0 10.65 -62.32 10 0 0 0 0 0 
26558 1985 2 25 5 3 0 6.76 -72.99 1 4.6 3.5 0 0 0 
26606 1985 2 28 14 55 0 11.26 -61.66 33 0 0 0 0 0 
26617 1985 3 1 11 38 0 6.75 -73 1 4.7 3.6 0 0 0 
27159 1985 3 12 13 19 0 8.73 -72.58 33 0 0 0 0 0 
27744 1985 3 26 4 28 0 11.02 -62.33 127 4.2 0 4.1 0 0 
27818 1985 3 29 4 12 0 6.67 -72.89 1 4.8 3.8 0 0 0 
27901 1985 4 1 11 2 0 11.09 -61.78 3 0 0 0 0 0 
27981 1985 4 4 11 3 0 9.59 -62.72 33 0 0 0 0 0 
27982 1985 4 4 11 4 0 10.44 -63.34 42 3.6 0 4 0 0 
28016 1985 4 5 15 30 0 10.81 -62.54 98 4.2 0 3.8 0 0 
28023 1985 4 6 1 21 0 11.31 -61.94 93 0 0 0 0 0 
28149 1985 4 10 16 21 0 6.87 -72.88 1 4.1 2.8 0 0 0 
28250 1985 4 16 7 59 0 9.38 -73.68 0 4.7 3.6 0 0 0 
28276 1985 4 18 8 51 0 10.73 -61.72 0 0 0 0 0 0 
28289 1985 4 19 5 8 0 11.11 -62.08 76 0 0 0 0 0 
28413 1985 4 24 18 47 0 10.79 -62.36 71 0 0 0 0 0 
28421 1985 4 25 7 30 0 10.5 -62.79 9 0 0 0 0 0 
28429 1985 4 25 14 47 0 10.4 -62.38 2 0 0 4.2 0 0 
28430 1985 4 25 19 17 0 10.78 -62.34 115 0 0 4 0 0 
28456 1985 4 27 1 46 0 10.94 -62.06 78 0 0 0 0 0 
28518 1985 4 30 4 33 0 11.15 -62.25 132 4.4 0 4.5 0 0 
28566 1985 5 3 7 5 0 9.36 -69.5 20 4.7 0 0 0 0 
28700 1985 5 10 4 36 0 11.51 -62.2 138 0 0 0 0 0 
28715 1985 5 11 5 45 0 10.17 -62.95 61 4.1 0 4.2 0 0 
28731 1985 5 12 10 19 0 11.3 -62.1 143 0 0 0 0 0 
28759 1985 5 13 12 15 0 11.02 -62.81 1 0 0 0 0 0 
28767 1985 5 14 13 17 0 11.85 -61.66 101 0 0 0 0 0 
28789 1985 5 16 9 19 0 10.54 -62.17 4 0 0 0 0 0 
28803 1985 5 17 1 26 0 10.62 -62.52 103 0 0 4.1 0 0 
28828 1985 5 18 14 48 0 9.96 -60.34 12 0 0 0 0 0 
28874 1985 5 21 1 12 0 10.54 -62.16 0 0 0 0 0 0 
28935 1985 5 24 15 30 0 11.68 -61.67 130 0 0 0 0 0 
28946 1985 5 25 4 52 0 11.55 -61.93 118 0 0 0 0 0 
29017 1985 5 30 2 49 0 10.45 -63.32 15 0 0 0 0 0 
29045 1985 5 31 23 2 0 11.04 -63.06 72 0 0 3.8 0 0 
29090 1985 6 3 16 43 0 11.02 -61.67 33 0 0 0 0 0 
29238 1985 6 14 7 11 0 6.76 -73.03 1 4.8 3.8 0 0 0 
29240 1985 6 14 12 17 0 10.87 -61.97 64 0 0 0 0 0 
29247 1985 6 14 20 38 0 11.14 -62.15 98 0 0 0 0 0 
29248 1985 6 14 21 11 0 11.2 -61.74 34 0 0 0 0 0 
29428 1985 6 26 23 44 0 6.85 -72.98 1 5.2 4.4 0 0 0 
29432 1985 6 27 7 51 0 10.82 -63 33 4.1 0 4 0 0 
29469 1985 7 1 1 33 0 11.1 -62.01 73 0 0 0 0 0 
29494 1985 7 3 12 33 0 11.12 -62.33 14 0 0 3.7 0 0 
29499 1985 7 3 18 59 0 11.41 -71.88 33 0 0 0 0 0 
29661 1985 7 10 14 5 0 10.43 -61.31 41 0 0 0 0 0 
29665 1985 7 10 20 48 0 6.87 -73.16 1 4.8 3.8 0 0 0 
29704 1985 7 14 12 8 0 11.34 -61.89 111 0 0 0 0 0 
29714 1985 7 15 4 45 0 10.72 -62.5 97 0 0 0 0 0 
29786 1985 7 20 22 9 0 10.93 -61.77 52 0 0 0 0 0 
29825 1985 7 25 14 23 0 11.32 -61.88 0 0 0 3 0 0 
29827 1985 7 26 6 24 0 10.63 -63.28 14 0 0 3.1 0 0 
29850 1985 7 28 18 26 0 11.34 -61.99 101 0 0 0 0 0 
29853 1985 7 29 9 6 0 10.94 -62.2 3 0 0 0 0 0 
29992 1985 8 11 9 9 0 6.92 -73.08 7 4.2 2.9 0 0 0 
30016 1985 8 12 19 29 0 6.73 -73.08 1 4.8 3.8 0 0 0 
30026 1985 8 13 17 3 0 6.89 -72.04 0 4.6 3.5 4.8 0 0 
30046 1985 8 15 14 36 0 10.91 -62.48 94 0 0 3.2 0 0 
30047 1985 8 15 15 26 0 11.01 -62.22 184 0 0 0 0 0 
30068 1985 8 18 2 59 0 11.61 -61.85 34 0 0 0 0 0 
30106 1985 8 20 16 48 0 10.93 -62.31 85 0 0 4.1 0 0 
30165 1985 8 25 2 31 0 11.39 -60.17 6 0 0 0 0 0 
30213 1985 8 29 4 19 0 11.9 -60.6 6 4.3 0 4.2 0 0 
30247 1985 9 1 7 9 0 11.07 -62.11 87 0 0 3.1 0 0 
30256 1985 9 2 7 28 0 10.92 -61.79 57 0 0 2.8 0 0 
30259 1985 9 3 0 20 0 11.36 -63.03 3 0 0 3.1 0 0 
30280 1985 9 4 22 2 0 10.56 -62.24 1 0 0 0 0 0 
30291 1985 9 6 2 40 0 11.78 -61.23 1 0 0 0 0 0 
30297 1985 9 6 16 25 0 11.8 -61.18 0 0 0 0 0 0 
30320 1985 9 10 5 22 0 10.35 -61.69 38 0 0 0 0 0 
30326 1985 9 11 10 47 0 10.59 -61.82 17 0 0 0 0 0 
30347 1985 9 14 4 4 0 10.8 -62.41 57 0 0 2.7 0 0 
30375 1985 9 17 7 15 0 10.64 -61.97 67 0 0 2.6 0 0 
30377 1985 9 17 10 57 0 11.83 -63.12 93 0 0 3 0 0 
30380 1985 9 18 0 26 0 10.71 -62.41 81 0 0 2.6 0 0 
30385 1985 9 19 5 57 0 10.88 -62.35 91 0 0 2.8 0 0 
30399 1985 9 21 3 9 0 11.18 -61.54 62 0 0 4.3 0 0 
30409 1985 9 22 2 14 0 10.41 -62.67 81 0 0 0 0 0 
30413 1985 9 23 5 58 0 11.35 -61.6 1 0 0 0 0 0 
30415 1985 9 23 7 3 0 11.26 -61.86 10 0 0 0 0 0 
30424 1985 9 24 5 18 0 11.17 -61.87 87 0 0 0 0 0 
30453 1985 9 27 23 53 0 6.83 -72.78 1 4.4 3.2 0 0 0 
30457 1985 9 28 12 58 0 10.88 -62.2 68 0 0 3.2 0 0 
30461 1985 9 28 23 39 0 10.43 -63.12 17 0 0 3.5 0 0 
30480 1985 9 30 20 2 0 10.77 -62.71 0 0 0 4 0 0 
30498 1985 10 2 20 58 0 11.38 -61.89 122 0 0 0 0 0 
30514 1985 10 4 15 32 0 11.19 -61.32 0 0 0 0 0 0 
30516 1985 10 5 0 35 0 10.75 -62.17 94 0 0 0 0 0 
30542 1985 10 7 17 32 0 10.94 -62.21 83 0 0 2.6 0 0 
30574 1985 10 12 8 15 0 11.06 -61.99 66 0 0 0 0 0 
30587 1985 10 13 8 47 0 9.84 -63.27 8 0 0 0 0 0 
30593 1985 10 14 9 21 0 10.47 -63.15 0 0 0 0 0 0 
30596 1985 10 14 19 1 0 10.22 -62.03 1 0 0 0 0 0 
30643 1985 10 20 17 22 0 10.6 -62.4 72 0 0 2.6 0 0 
30654 1985 10 21 15 41 0 10.94 -62.21 77 0 0 0 0 0 
30657 1985 10 22 0 48 0 6.79 -73.07 1 4.7 3.6 0 0 0 
30686 1985 10 25 2 39 0 10.81 -62.43 93 0 0 3 0 0 
30693 1985 10 26 1 54 0 11.23 -61.65 19 0 0 0 0 0 
30712 1985 10 28 11 27 0 11.45 -61.98 136 0 0 0 0 0 
30718 1985 10 29 5 17 0 11.02 -61.17 12 0 0 0 0 0 
30719 1985 10 29 8 39 0 11.04 -62.02 70 0 0 0 0 0 
30735 1985 10 30 21 47 0 10.8 -62.15 105 3.9 0 3.9 0 0 
30762 1985 11 2 3 26 0 10.54 -61.81 8 0 0 0 0 0 
30805 1985 11 5 22 37 0 11.16 -62 68 0 0 0 0 0 
30827 1985 11 8 10 54 0 10.51 -62.15 2 0 0 0 0 0 
30833 1985 11 9 17 19 0 10.7 -62.19 40 0 0 0 0 0 
30834 1985 11 9 18 1 0 10.56 -62.04 7 0 0 0 0 0 
30893 1985 11 15 1 9 0 10.6 -60.83 32 0 0 0 0 0 
30907 1985 11 16 9 17 0 10.6 -62.9 7 0 0 0 0 0 
30917 1985 11 17 6 28 0 10.37 -64.11 24 0 0 3.5 0 0 
30918 1985 11 17 8 37 0 11.01 -61.96 34 0 0 0 0 0 
30921 1985 11 17 17 58 0 11.61 -61.88 100 0 0 0 0 0 
30971 1985 11 22 20 12 0 10.55 -62.48 127 0 0 0 0 0 
30990 1985 11 24 14 46 0 10.89 -62.34 46 0 0 0 0 0 
31016 1985 11 28 0 13 0 11.76 -61.39 72 0 0 5.3 0 0 
31017 1985 11 28 0 14 0 11.76 -61.37 75 5.2 0 5.3 0 0 
31018 1985 11 28 0 17 0 11.72 -61.13 5 0 0 0 0 0 
31022 1985 11 28 9 53 0 10.96 -62.1 70 0 0 0 0 0 
31029 1985 11 29 6 6 0 11.79 -61.18 59 0 0 0 0 0 
31030 1985 11 29 21 48 0 11.57 -61.18 0 0 0 0 0 0 
31034 1985 11 30 19 34 0 11.17 -61.73 10 0 0 0 0 0 
31038 1985 12 1 4 33 0 10.72 -62.18 2 0 0 0 0 0 
31041 1985 12 1 14 3 0 10.81 -62.34 71 0 0 0 0 0 
31051 1985 12 2 1 40 0 11.01 -62.24 101 0 0 0 0 0 
31064 1985 12 3 15 49 0 10.88 -61.49 38 0 0 0 0 0 
31066 1985 12 3 17 52 0 6.77 -72.94 1 5.1 4.2 0 0 0 
31071 1985 12 4 4 55 0 10.88 -61.14 46 0 0 0 0 0 
31097 1985 12 7 0 3 0 10.42 -62.09 0 0 0 0 0 0 
31105 1985 12 7 8 35 0 11.34 -61.34 3 0 0 0 0 0 
31117 1985 12 8 17 2 0 11.1 -61.97 33 0 0 0 0 0 
31150 1985 12 12 17 25 0 11.22 -60.67 7 0 0 0 0 0 
31156 1985 12 13 0 16 0 10.31 -73.43 1 4.2 2.9 0 0 0 
31178 1985 12 15 19 23 0 11.84 -61.08 7 0 0 0 0 0 
31193 1985 12 17 13 16 0 10.94 -62.41 56 0 0 0 0 0 
31306 1985 12 31 20 9 0 11.34 -61.33 19 0 0 0 0 0 
31316 1986 1 1 21 48 0 12.47 -60.72 91 0 0 4.1 0 0 
31333 1986 1 4 3 14 0 11.33 -63.74 23 4.2 0 4.3 0 0 
31350 1986 1 6 9 17 0 11.03 -61.88 14 0 0 0 0 0 
31359 1986 1 7 20 41 0 10.59 -62.05 0 0 0 0 0 0 
31377 1986 1 9 0 16 0 11.09 -63.76 150 0 0 3.2 0 0 
31406 1986 1 12 15 7 0 11.17 -62.24 63 0 0 0 0 0 
31421 1986 1 14 7 30 0 10.95 -62.17 52 0 0 0 0 0 
31430 1986 1 14 20 0 0 11.11 -62.07 24 0 0 0 0 0 
31436 1986 1 15 10 36 0 10.78 -61.85 43 0 0 0 0 0 
31438 1986 1 16 0 28 0 10.97 -62.27 80 0 0 0 0 0 
31440 1986 1 16 1 18 0 10.88 -61.8 47 0 0 0 0 0 
31528 1986 1 27 20 44 0 6.93 -73.11 1 4.4 3.2 0 0 0 
31530 1986 1 28 3 25 0 10.83 -63.49 0 4.3 0 3 0 0 
31532 1986 1 28 6 55 0 11.37 -63.85 4 0 0 0 0 0 
31539 1986 1 29 8 47 0 11.57 -62.22 23 0 0 2.6 0 0 
31565 1986 1 31 22 38 0 10.91 -62.36 72 0 0 0 0 0 
31600 1986 2 4 18 21 0 11.1 -61.92 93 0 0 0 0 0 
31601 1986 2 4 23 50 0 10.6 -62.23 4 0 0 0 0 0 
31602 1986 2 5 0 49 0 10.98 -61.44 9 0 0 0 0 0 
31629 1986 2 8 17 52 0 11.12 -61.95 47 0 0 0 0 0 
31667 1986 2 13 15 13 0 11.49 -62 30 0 0 2.9 0 0 
31681 1986 2 15 0 18 0 11.22 -61.96 57 0 0 3.4 0 0 
31765 1986 2 25 5 43 0 11.52 -62.01 9 0 0 0 0 0 
31777 1986 2 26 11 41 0 9.72 -61.37 62 4.5 4.6 4.5 0 0 
31781 1986 2 26 21 57 0 9.36 -61.19 117 0 0 3.6 0 0 
31785 1986 2 27 6 31 0 9.65 -61.02 29 0 0 2.9 0 0 
31788 1986 2 27 17 24 0 10.24 -60.65 76 0 0 2.8 0 0 
31790 1986 2 28 1 12 0 9.64 -61.39 45 4.5 4.4 4.5 0 0 
31791 1986 2 28 1 17 0 8.44 -60.62 0 0 0 0 0 0 
31792 1986 2 28 3 7 0 9.37 -61.11 54 0 0 3.1 0 0 
31793 1986 2 28 4 49 0 9.42 -61.19 28 0 0 3.4 0 0 
31795 1986 2 28 16 44 0 8.56 -61.24 63 0 0 3.7 0 0 
31827 1986 3 5 20 9 0 10.89 -62.28 63 0 0 0 0 0 
31830 1986 3 6 8 27 0 11.29 -62.12 79 0 0 0 0 0 
31844 1986 3 8 15 26 0 10.45 -62.01 96 0 0 0 0 0 
31865 1986 3 10 16 31 0 10.56 -62.58 85 0 0 0 0 0 
31869 1986 3 10 22 0 0 10.17 -61.36 19 0 0 0 0 0 
31892 1986 3 14 10 47 0 11.44 -61.64 116 0 0 0 0 0 
31894 1986 3 14 17 49 0 11.16 -62.42 151 0 0 0 0 0 
31896 1986 3 15 1 44 0 11.38 -61.02 20 0 0 0 0 0 
31910 1986 3 17 20 19 0 6.78 -73.48 1 4.3 3 0 0 0 
31952 1986 3 23 11 25 0 11.47 -61.9 90 0 0 0 0 0 
31970 1986 3 25 1 57 0 11.82 -60.85 1 0 0 0 0 0 
31972 1986 3 25 7 10 0 10.35 -62.53 10 4.7 0 4.7 0 0 
31989 1986 3 26 22 12 0 10.53 -70.56 33 0 0 0 0 0 
32012 1986 3 30 0 40 0 11.68 -61.55 106 0 0 0 0 0 
32029 1986 3 31 1 19 0 6.82 -73.05 1 5 4.1 0 0 0 
32058 1986 4 3 13 59 0 11.2 -61.51 37 0 0 0 0 0 
32062 1986 4 3 20 32 0 11.18 -62.02 56 0 0 3.2 0 0 
32077 1986 4 4 17 23 0 10.4 -61.52 33 0 0 0 0 0 
32093 1986 4 6 23 37 0 10.31 -62.26 7 0 0 3 0 0 
32095 1986 4 7 12 35 0 10.28 -61.64 57 4.3 3.5 4.3 0 0 
32098 1986 4 8 13 54 0 10.29 -61.58 50 0 0 0 0 0 
32117 1986 4 10 6 35 0 10.34 -62.05 4 0 0 0 0 0 
32135 1986 4 11 12 59 0 12.26 -59.38 39 5 4.5 5 0 0 
32151 1986 4 14 5 5 0 10.43 -60.73 55 4.3 0 4.2 0 0 
32153 1986 4 14 18 34 0 11.11 -62.21 76 0 0 0 0 0 
32156 1986 4 15 2 28 0 11.22 -61.37 0 0 0 0 0 0 
32164 1986 4 15 22 57 0 10.97 -61.75 47 0 0 0 0 0 
32165 1986 4 16 0 15 0 6.65 -72.89 1 4.5 3.3 0 0 0 
32194 1986 4 20 18 5 0 6.8 -73.3 1 4.3 3 0 0 0 
32238 1986 4 27 22 42 0 10.69 -61.09 37 0 0 0 0 0 
32252 1986 4 29 22 35 0 10.66 -62.3 1 0 0 0 0 0 
32261 1986 4 30 20 2 0 10.45 -61.83 9 0 0 0 0 0 
32273 1986 5 1 23 1 0 11.22 -60.68 0 0 0 2.4 0 0 
32275 1986 5 2 8 48 0 10.51 -60.88 31 0 0 0 0 0 
32312 1986 5 7 16 37 0 10.32 -62.31 18 4.5 3.9 4.5 0 0 
32350 1986 5 11 4 3 0 10.38 -60.62 65 0 0 0 0 0 
32365 1986 5 12 21 59 0 6.92 -73.15 1 4.8 3.8 0 0 0 
32392 1986 5 15 20 0 0 10.54 -62.1 3 0 0 0 0 0 
32393 1986 5 16 0 15 0 6.69 -72.92 1 4.2 2.9 4.5 0 0 
32408 1986 5 17 22 34 0 6.84 -73.14 1 4.4 3.2 4.8 0 0 
32412 1986 5 18 11 22 0 11.32 -61.31 31 0 0 0 0 0 
32443 1986 5 21 0 21 0 11.42 -60.92 13 0 0 0 0 0 
32451 1986 5 22 1 36 0 10.6 -62.74 76 0 0 4.1 0 0 
32465 1986 5 23 21 32 0 11.42 -61.74 115 0 0 0 0 0 
32467 1986 5 24 2 34 0 11.03 -61.71 10 0 0 0 0 0 
32474 1986 5 24 22 48 0 10.75 -62.4 66 0 0 0 0 0 
32475 1986 5 25 2 39 0 10.69 -62.34 67 0 0 3.5 0 0 
32486 1986 5 26 19 43 0 10.94 -62.1 78 0 0 0 0 0 
32487 1986 5 27 1 40 0 10.98 -62.09 90 0 0 0 0 0 
32490 1986 5 27 10 50 0 10.84 -61.36 26 0 0 0 0 0 
32506 1986 5 29 18 44 0 11.77 -60.74 2 0 0 0 0 0 
32509 1986 5 30 14 26 0 10.53 -62.54 122 4.4 0 4.3 0 0 
32511 1986 5 31 8 20 0 10.76 -61.3 33 0 0 0 0 0 
32524 1986 6 4 9 39 0 11.06 -62.3 91 0 0 0 0 0 
32537 1986 6 6 6 23 0 11.43 -62.46 0 0 0 3.3 0 0 
32538 1986 6 6 10 49 0 10.85 -61.85 50 0 0 0 0 0 
32539 1986 6 6 11 55 0 11.31 -61.5 83 0 0 0 0 0 
32546 1986 6 7 16 37 0 6.85 -73 1 4.6 3.5 0 0 0 
32548 1986 6 8 7 20 0 11.01 -61.79 100 0 0 0 0 0 
32572 1986 6 11 13 48 0 10.6 -62.93 33 5.9 6.1 6 0 0 
32573 1986 6 11 14 6 0 11.42 -62.93 9 0 0 3.3 0 0 
32574 1986 6 11 14 8 0 11.25 -62.87 3 0 0 3.5 0 0 
32575 1986 6 11 15 51 0 10.75 -62.28 31 0 0 3.2 0 0 
32576 1986 6 11 16 58 0 11.25 -62.79 3 0 0 3.4 0 0 
32577 1986 6 11 17 18 0 11.58 -62.7 14 0 0 3.4 0 0 
32580 1986 6 11 19 37 0 10.55 -62.94 3 4.6 0 4.6 0 0 
32582 1986 6 12 3 5 0 11.26 -62.91 3 0 0 3.5 0 0 
32588 1986 6 12 13 23 0 10.55 -62.93 20 4.4 0 4.5 0 0 
32596 1986 6 13 10 36 0 11.32 -63.07 3 0 0 3.6 0 0 
32598 1986 6 13 14 26 0 11.08 -62.46 10 0 0 0 0 0 
32600 1986 6 13 17 4 0 11.65 -62.65 35 0 0 3.4 0 0 
32618 1986 6 15 16 4 0 10.63 -62.96 35 4.4 0 3.9 0 0 
32654 1986 6 20 22 41 0 11.49 -63.04 0 0 0 3.4 0 0 
32691 1986 6 25 6 18 0 6.75 -72.94 1 4.2 2.9 0 0 0 
32698 1986 6 26 23 14 0 6.88 -73.1 1 4.7 3.6 0 0 0 
32722 1986 6 29 20 11 0 6.76 -73 1 5.2 4.4 0 0 0 
32728 1986 6 30 13 23 0 11.14 -62.3 30 0 0 3 0 0 
32729 1986 6 30 20 9 0 10.05 -71.99 33 0 0 0 0 0 
32733 1986 7 2 11 27 0 10.76 -62.34 107 0 0 0 0 0 
32763 1986 7 5 16 36 0 9.88 -72.92 33 4.6 0 0 0 0 
32771 1986 7 7 12 39 0 11.28 -61.97 95 0 0 0 0 0 
32774 1986 7 7 21 9 0 10.61 -62.99 35 4.3 0 4.3 0 0 
32783 1986 7 8 22 37 0 11.48 -61.96 127 0 0 0 0 0 
32796 1986 7 11 8 0 0 10.61 -63.26 21 4.7 4.3 4.1 0 0 
32815 1986 7 14 3 18 0 10.58 -63.17 16 0 0 4.2 0 0 
32816 1986 7 14 3 20 0 10.73 -63.2 18 4.5 0 4.2 0 0 
32817 1986 7 14 6 24 0 10.59 -63.29 0 0 0 4 0 0 
32850 1986 7 18 17 22 0 10.78 -69.43 5 5.8 5 0 0 0 
32852 1986 7 19 0 21 0 10.93 -69.37 10 4.7 3.2 4.8 0 0 
32856 1986 7 19 16 38 0 11.18 -61.97 60 0 0 0 0 0 
32890 1986 7 22 20 5 0 11.5 -61.13 12 0 0 0 0 0 
33003 1986 8 4 10 23 0 11.38 -61.77 33 0 0 0 0 0 
33007 1986 8 5 9 53 0 12.13 -59.23 2 0 0 4.3 0 0 
33037 1986 8 7 19 29 0 11.12 -61.93 27 0 0 0 0 0 
33043 1986 8 8 23 45 0 11.06 -60.7 38 0 0 0 0 0 
33047 1986 8 9 9 30 0 10.85 -62.35 88 0 0 0 0 0 
33074 1986 8 12 21 7 0 10.82 -61.9 121 4.1 0 4.2 0 0 
33086 1986 8 14 17 4 0 10.92 -62.28 3 0 0 0 0 0 
33103 1986 8 17 15 31 0 11.17 -61.23 5 0 0 0 0 0 
33105 1986 8 17 20 54 0 11.06 -61.94 47 0 0 4.2 0 0 
33111 1986 8 18 18 20 0 6.78 -72.94 1 4.6 3.5 0 0 0 
33112 1986 8 18 20 55 0 10.35 -66.99 10 4.6 4.5 4.8 0 0 
33127 1986 8 21 1 23 0 7.94 -72.95 0 4.5 3.3 0 0 0 
33162 1986 8 25 17 25 0 10.24 -67.09 9 4.7 4.3 0 0 0 
33165 1986 8 26 3 20 0 10.74 -62.94 10 4 0 3.9 0 0 
33166 1986 8 26 3 36 0 10.16 -67.04 10 0 0 0 0 0 
33200 1986 9 2 17 21 0 10.48 -62.23 2 0 0 0 0 0 
33225 1986 9 7 0 8 0 6.79 -73 1 4 2.7 0 0 0 
33237 1986 9 8 6 3 0 6.83 -73.09 1 4.3 3 4.6 0 0 
33273 1986 9 11 22 4 0 10.43 -61.26 32 0 0 0 0 0 
33275 1986 9 12 0 34 0 10.92 -69.35 21 4.5 3.9 0 0 0 
33334 1986 9 19 0 7 0 10.56 -62.17 0 0 0 0 0 0 
33349 1986 9 20 5 54 0 8.5 -73.5 0 4.3 3.1 3.1 0 0 
33391 1986 9 24 9 17 0 11 -61.97 52 0 0 0 0 0 
33410 1986 9 26 22 13 0 10.72 -62.57 95 0 0 0 0 0 
33465 1986 9 30 17 16 0 6.84 -73.17 1 4.6 3.5 0 0 0 
33473 1986 10 1 10 38 0 6.89 -73.22 1 4.6 3.5 0 0 0 
33479 1986 10 1 22 32 0 8.76 -61.7 92 0 0 0 0 0 
33484 1986 10 2 6 1 0 11.15 -61.49 46 0 0 4.1 0 0 
33547 1986 10 7 4 14 0 11.83 -61.76 100 0 0 3.4 0 0 
33552 1986 10 7 6 42 0 6.82 -73.03 1 4.9 3.9 0 0 0 
33599 1986 10 10 3 3 0 11.07 -62.16 77 0 0 0 0 0 
33634 1986 10 12 9 16 0 10.98 -61.78 33 0 0 0 0 0 
33645 1986 10 13 2 13 0 10.4 -60.45 66 0 0 0 0 0 
33725 1986 10 17 16 45 0 6.81 -73.03 1 5 4.1 0 0 0 
33803 1986 10 21 15 57 0 10.38 -62.59 46 4.9 0 4.2 0 0 
33816 1986 10 22 6 3 0 10.95 -62.66 114 0 0 3.8 0 0 
33825 1986 10 22 12 32 0 10.85 -62.17 78 0 0 0 0 0 
33846 1986 10 24 12 42 0 6.99 -73.3 1 5.1 4.2 0 0 0 
33860 1986 10 25 16 19 0 10.93 -61.13 33 0 0 0 0 0 
33861 1986 10 25 16 27 0 10.5 -63.25 30 0 0 4.3 0 0 
33881 1986 10 26 21 20 0 11.36 -61.98 116 0 0 0 0 0 
33891 1986 10 27 8 56 0 10.94 -61.17 43 0 0 0 0 0 
33918 1986 10 28 15 22 0 11.05 -62.46 91 0 0 0 0 0 
33930 1986 10 29 9 26 0 10.67 -62.28 17 0 0 0 0 0 
33968 1986 10 31 7 5 0 6.79 -73.01 1 5.1 4.2 0 0 0 
34032 1986 11 4 3 46 0 8.62 -72.99 0 4.4 3.2 0 0 0 
34068 1986 11 6 7 38 0 10.62 -62.68 35 0 0 3.6 0 0 
34088 1986 11 7 9 7 0 10.6 -61.67 10 0 0 4.4 0 0 
34107 1986 11 9 13 34 0 11.07 -60.78 5 0 0 2.6 0 0 
34109 1986 11 9 18 10 0 6.83 -73.02 1 4.3 3 0 0 0 
34136 1986 11 13 18 42 0 11.23 -62 59 0 0 0 0 0 
34148 1986 11 14 17 26 0 10.75 -63.24 10 4.9 4.2 5 0 0 
34153 1986 11 15 15 54 0 11.01 -62.48 0 0 0 4.2 0 0 
34155 1986 11 15 20 3 0 10.85 -61.65 10 0 0 0 0 0 
34165 1986 11 17 12 36 0 10.65 -63.18 10 0 0 4.3 0 0 
34176 1986 11 18 7 40 0 11.23 -60.82 26 0 0 0 0 0 
34180 1986 11 18 19 51 0 6.77 -72.99 1 4.7 3.6 0 0 0 
34220 1986 11 25 6 24 0 10.87 -61.89 128 0 0 0 0 0 
34225 1986 11 25 19 15 0 10.99 -61.58 13 0 0 0 0 0 
34229 1986 11 26 14 47 0 12.95 -60.12 86 0 0 4.1 0 0 
34266 1986 11 30 23 12 0 10.69 -62.45 59 0 0 4 0 0 
34273 1986 12 1 9 21 0 6.9 -73.26 1 5.1 4.2 0 0 0 
34355 1986 12 13 2 26 0 12.12 -70.29 0 5.1 4.2 0 0 0 
34356 1986 12 13 2 26 0 12.12 -70.29 33 5.1 0 0 0 0 
34363 1986 12 14 1 35 0 6.72 -73.31 1 4 2.7 0 0 0 
34370 1986 12 15 5 16 0 10.34 -61.01 33 0 0 0 0 0 
34379 1986 12 16 16 21 0 10.89 -61.97 132 4.1 0 4.1 0 0 
34414 1986 12 21 8 57 0 11.12 -62.13 91 0 0 0 0 0 
34442 1986 12 26 9 44 0 10.72 -60.83 18 0 0 0 0 0 
34448 1986 12 27 23 46 0 6.83 -73.06 1 4.4 3.2 0 0 0 
34479 1987 1 2 1 15 0 10.28 -61.99 19 0 0 3.3 0 0 
34484 1987 1 2 17 6 0 10.59 -60.6 7 0 0 3.2 0 0 
34495 1987 1 4 23 44 0 10.54 -61.59 37 0 0 0 0 0 
34498 1987 1 5 9 39 0 11.24 -61.96 91 0 0 0 0 0 
34525 1987 1 8 23 6 0 11.17 -62.6 10 0 0 3.1 0 0 
34550 1987 1 14 9 4 0 10.59 -61.43 26 0 0 0 0 0 
34561 1987 1 15 16 5 0 11.1 -62.3 85 0 0 0 0 0 
34580 1987 1 18 23 6 0 11.29 -61.72 70 0 0 0 0 0 
34600 1987 1 21 12 13 0 10.93 -61.34 16 0 0 2.4 0 0 
34610 1987 1 23 2 43 0 10.78 -61.34 25 0 0 0 0 0 
34613 1987 1 23 22 32 0 11.09 -61.03 44 0 0 0 0 0 
34687 1987 1 31 6 31 0 11.39 -61.3 27 0 0 0 0 0 
34736 1987 2 7 22 32 0 10.51 -62.78 48 4.8 4.8 5 0 0 
34738 1987 2 8 0 23 0 10.29 -62.47 10 0 0 0 0 0 
34739 1987 2 8 1 3 0 11.01 -62.55 30 0 0 3.2 0 0 
34740 1987 2 8 1 51 0 10.78 -62.58 16 0 0 3.1 0 0 
34741 1987 2 8 2 47 0 10.48 -62.42 3 0 0 0 0 0 
34746 1987 2 10 3 40 0 12.55 -59.35 46 0 0 4 0 0 
34749 1987 2 10 13 26 0 11.12 -62.56 77 0 0 3.4 0 0 
34759 1987 2 12 12 10 0 10.7 -62.6 93 4.4 0 4 0 0 
34760 1987 2 12 12 47 0 10.34 -63.12 108 0 0 4 0 0 
34769 1987 2 14 6 44 0 10.42 -61.73 80 0 0 4.3 0 0 
34775 1987 2 14 18 43 0 10.69 -63.05 0 0 0 3.2 0 0 
34789 1987 2 16 13 6 0 11.27 -61.81 64 0 0 0 0 0 
34808 1987 2 19 6 13 0 11.19 -62.35 18 0 0 2.9 0 0 
34809 1987 2 19 6 20 0 11.15 -62.37 12 0 0 3.2 0 0 
34816 1987 2 21 10 57 0 11.27 -60.79 6 0 0 0 0 0 
34824 1987 2 23 9 8 0 10.97 -62.41 78 0 0 4 0 0 
34843 1987 2 26 5 39 0 6.82 -73.03 1 4.4 3.2 0 0 0 
34851 1987 2 27 7 10 0 11.06 -71.87 33 0 0 0 0 0 
34860 1987 3 1 9 47 0 11.27 -60.26 26 0 0 0 0 0 
34861 1987 3 1 12 42 0 6.91 -72.9 1 4.3 3 0 0 0 
34873 1987 3 3 17 19 0 8.56 -61.18 35 0 0 0 0 0 
34889 1987 3 5 22 46 0 10.8 -61.72 39 0 0 0 0 0 
34900 1987 3 6 8 29 0 10.8 -61.85 56 0 0 4 0 0 
34904 1987 3 6 13 58 0 6.78 -73.04 1 4.9 3.9 0 0 0 
34908 1987 3 7 0 23 0 6.8 -72.95 1 4.5 3.3 4.8 0 0 
34909 1987 3 7 1 37 0 6.8 -73.02 1 4.7 3.6 0 0 0 
34946 1987 3 11 0 10 0 11.76 -60.93 26 0 0 0 0 0 
34952 1987 3 11 17 29 0 10.86 -62.21 81 0 0 2.9 0 0 
34955 1987 3 12 6 2 0 10.51 -61.23 31 0 0 0 0 0 
34961 1987 3 12 14 11 0 10.73 -61.68 34 0 0 0 0 0 
34972 1987 3 14 9 45 0 10.8 -62.35 0 0 0 0 0 0 
34974 1987 3 14 20 34 0 11.06 -61.57 35 0 0 0 0 0 
34982 1987 3 15 21 50 0 11.12 -60.94 8 0 0 0 0 0 
34994 1987 3 18 16 56 0 10.92 -62.28 100 0 0 4 0 0 
35003 1987 3 20 14 33 0 6.82 -72.97 1 4.3 3 0 0 0 
35005 1987 3 20 15 42 0 11.07 -62.02 86 0 0 0 0 0 
35011 1987 3 21 23 2 0 11.23 -61.97 96 0 0 0 0 0 
35014 1987 3 22 7 17 0 6.79 -73.02 1 4.6 3.5 0 0 0 
35022 1987 3 23 11 13 0 10.45 -60.85 37 0 0 0 0 0 
35023 1987 3 23 19 6 0 10.1 -72.75 33 0 0 0 0 0 
35028 1987 3 24 6 53 0 10.53 -61.22 44 0 0 2.2 0 0 
35038 1987 3 26 11 40 0 9.88 -61.02 89 0 0 4 0 0 
35051 1987 3 29 9 11 0 11.73 -61.88 56 0 0 3 0 0 
35055 1987 3 29 22 27 0 6.32 -72.97 1 4.1 2.8 0 0 0 
35071 1987 4 2 0 26 0 10.65 -62.09 81 0 0 0 0 0 
35090 1987 4 4 21 30 0 11.08 -61.35 0 0 0 0 0 0 
35092 1987 4 5 6 9 0 11.36 -62.12 27 0 0 3 0 0 
35094 1987 4 5 11 36 0 11.37 -62.22 140 0 0 0 0 0 
35097 1987 4 6 0 30 0 10.47 -62.13 0 0 0 0 0 0 
35098 1987 4 6 2 50 0 10.2 -60.94 55 0 0 0 0 0 
35104 1987 4 6 19 33 0 11.08 -61.88 102 0 0 0 0 0 
35106 1987 4 7 6 55 0 10.33 -62.19 60 0 0 2.5 0 0 
35107 1987 4 7 8 38 0 10.37 -61.75 0 0 0 2.7 0 0 
35117 1987 4 9 14 13 0 6.88 -72.97 1 4.6 3.5 0 0 0 
35126 1987 4 11 18 17 0 6.69 -72.77 2 4.5 3.3 4.8 0 0 
35131 1987 4 12 10 30 0 7.86 -73.18 1 4.5 3.3 0 0 0 
35140 1987 4 13 20 37 0 10.48 -61.56 38 0 0 2.2 0 0 
35146 1987 4 15 8 19 0 10.56 -62.24 86 0 0 0 0 0 
35160 1987 4 17 10 22 0 10.85 -61.71 10 0 0 0 0 0 
35167 1987 4 18 23 15 0 10.94 -62.4 98 4.7 0 4.9 0 0 
35171 1987 4 19 18 49 0 10.87 -61.56 33 0 0 0 0 0 
35179 1987 4 21 19 26 0 11.62 -61.8 91 0 0 0 0 0 
35183 1987 4 22 4 49 0 11.15 -61.98 0 0 0 3.1 0 0 
35186 1987 4 22 17 34 0 11.52 -69.48 10 5 3.7 0 0 0 
35200 1987 4 25 2 31 0 10.5 -62.22 0 0 0 0 0 0 
35211 1987 4 26 7 42 0 10.74 -61.69 9 0 0 0 0 0 
35214 1987 4 26 21 32 0 10.34 -62.18 70 0 0 2.9 0 0 
35215 1987 4 26 22 38 0 10.22 -62.01 0 0 0 0 0 0 
35220 1987 4 28 0 45 0 11.05 -62 64 0 0 2.8 0 0 
35227 1987 4 29 22 17 0 10.67 -61.68 10 0 0 0 0 0 
35232 1987 4 30 14 28 0 11.73 -60.85 86 0 0 0 0 0 
35248 1987 5 6 4 29 0 10.79 -62.37 63 0 0 4.2 0 0 
35269 1987 5 9 9 17 0 6.78 -73.83 0 4.7 3.6 0 0 0 
35270 1987 5 9 10 34 0 11.25 -61.7 13 0 0 2.7 0 0 
35279 1987 5 10 17 43 0 6.83 -73.01 1 4.7 3.6 0 0 0 
35282 1987 5 11 0 34 0 10.68 -62.7 140 4.3 0 4 0 0 
35286 1987 5 11 23 12 0 11.35 -62.1 87 0 0 0 0 0 
35289 1987 5 12 2 3 0 10.34 -62.5 20 0 0 0 0 0 
35295 1987 5 13 2 52 0 11.09 -60.85 8 0 0 2.2 0 0 
35298 1987 5 13 23 7 0 11.32 -61.56 10 0 0 0 0 0 
35299 1987 5 13 23 7 0 11.32 -61.56 10 0 0 4 0 0 
35307 1987 5 14 20 29 0 10.59 -60.83 30 0 0 0 0 0 
35309 1987 5 15 22 46 0 11.93 -60.65 33 0 0 0 0 0 
35310 1987 5 16 7 55 0 10.1 -62.1 12 0 0 2.8 0 0 
35328 1987 5 19 19 21 0 10.97 -62.29 27 0 0 3.2 0 0 
35336 1987 5 20 16 23 0 10.73 -63.28 20 4.3 0 4 0 0 
35341 1987 5 21 12 9 0 10.72 -62.56 0 0 0 3.4 0 0 
35345 1987 5 23 1 36 0 10.73 -61.43 28 0 0 2.4 0 0 
35352 1987 5 25 20 16 0 10.18 -62.16 7 0 0 2.8 0 0 
35367 1987 5 28 9 43 0 10.98 -61.89 3 0 0 0 0 0 
35371 1987 5 28 19 0 0 11.13 -61.87 16 0 0 0 0 0 
35374 1987 5 29 20 34 0 10.91 -61.77 36 0 0 2.5 0 0 
35375 1987 5 29 22 39 0 11.05 -62.33 0 0 0 2.9 0 0 
35378 1987 5 30 21 8 0 10.74 -61.94 25 0 0 0 0 0 
35386 1987 6 1 3 40 0 11.98 -62.03 141 5 0 5.2 0 0 
35396 1987 6 2 14 38 0 11.03 -61.85 70 0 0 0 0 0 
35403 1987 6 4 20 1 0 10.91 -62.02 95 0 0 0 0 0 
35437 1987 6 12 20 33 0 11.11 -61.57 34 0 0 0 0 0 
35439 1987 6 13 2 46 0 11.06 -61.94 66 0 0 0 0 0 
35442 1987 6 13 16 3 0 11.1 -61.69 0 0 0 2.6 0 0 
35448 1987 6 15 7 35 0 10.51 -61.57 19 0 0 0 0 0 
35450 1987 6 15 20 30 0 10.2 -61.74 64 0 0 0 0 0 
35452 1987 6 16 9 36 0 10.98 -62.1 61 0 0 0 0 0 
35467 1987 6 20 20 45 0 10.52 -61.83 22 0 0 0 0 0 
35476 1987 6 23 20 17 0 10.6 -61.74 36 0 0 0 0 0 
35481 1987 6 24 11 28 0 10.62 -62.24 53 0 0 3 0 0 
35508 1987 6 28 15 17 0 10.48 -61.86 22 0 0 0 0 0 
35522 1987 6 30 11 28 0 10.97 -62.26 61 0 0 0 0 0 
35532 1987 7 2 5 53 0 8.39 -61.71 33 0 0 0 0 0 
35543 1987 7 3 18 43 0 10.46 -60.72 48 0 0 0 0 0 
35547 1987 7 4 5 16 0 11.1 -61.61 10 0 0 0 0 0 
35549 1987 7 4 17 16 0 10.9 -62.14 77 4.6 0 4.7 0 0 
35592 1987 7 12 16 42 0 10.59 -60.94 33 0 0 0 0 0 
35596 1987 7 13 1 58 0 10.89 -61.15 27 0 0 0 0 0 
35602 1987 7 13 20 43 0 10.95 -61.17 20 0 0 0 0 0 
35603 1987 7 13 21 19 0 10.83 -62.13 90 0 0 0 0 0 
35605 1987 7 14 2 39 0 10.76 -61.21 32 0 0 2.8 0 0 
35608 1987 7 14 10 16 0 9.69 -69.67 10 0 0 0 0 0 
35616 1987 7 16 11 1 0 10.95 -61.24 19 0 0 0 0 0 
35619 1987 7 16 23 50 0 11.29 -61.71 12 0 0 0 0 0 
35637 1987 7 19 12 54 0 7 -73.21 1 4.1 2.8 0 0 0 
35667 1987 7 25 22 9 0 6.82 -73.03 1 4.7 3.6 0 0 0 
35669 1987 7 26 13 5 0 10.97 -62.1 57 0 0 2.8 0 0 
35676 1987 7 27 3 20 0 10.27 -62.38 10 4.7 3.9 4.6 0 0 
35680 1987 7 27 9 41 0 10.35 -61.86 6 0 0 3 0 0 
35702 1987 8 3 0 52 0 10.62 -62.08 0 0 0 0 0 0 
35703 1987 8 3 6 18 0 10.6 -61.84 6 0 0 0 0 0 
35733 1987 8 7 15 27 0 11.08 -61.75 61 0 0 0 0 0 
35735 1987 8 7 15 50 0 6.86 -73.01 1 4.5 3.3 0 0 0 
35740 1987 8 8 6 30 0 11.46 -61.95 79 0 0 2.6 0 0 
35753 1987 8 9 18 23 0 10.66 -60.91 25 0 0 0 0 0 
35765 1987 8 11 16 15 0 10.93 -61.15 27 0 0 0 0 0 
35766 1987 8 11 17 30 0 10.97 -62.08 77 0 0 0 0 0 
35798 1987 8 18 8 49 0 10.6 -62.8 76 4.3 0 4.1 0 0 
35804 1987 8 19 7 15 0 11.35 -62.12 94 0 0 0 0 0 
35815 1987 8 21 23 21 0 10.79 -61.57 31 0 0 0 0 0 
35821 1987 8 23 3 46 0 10.59 -62.36 72 0 0 0 0 0 
35826 1987 8 23 16 57 0 10.52 -61.58 30 0 0 0 0 0 
35834 1987 8 24 23 52 0 10.53 -61.9 7 0 0 0 0 0 
35835 1987 8 25 6 39 0 10.99 -62.02 73 0 0 0 0 0 
35838 1987 8 25 11 28 0 10.36 -61.78 22 0 0 0 0 0 
35840 1987 8 25 18 44 0 10.93 -62.33 73 0 0 3.5 0 0 
35841 1987 8 26 1 21 0 10.66 -61.06 35 0 0 0 0 0 
35844 1987 8 26 11 52 0 10.49 -62.28 83 0 0 3.4 0 0 
35862 1987 8 29 18 25 0 11.36 -61.91 5 0 0 3 0 0 
35866 1987 8 30 14 2 0 6.84 -72.98 1 4.5 3.3 0 0 0 
35867 1987 8 30 16 37 0 11.7 -61.46 41 0 0 0 0 0 
35885 1987 9 3 0 15 0 10.28 -60.25 104 0 0 2.9 0 0 
35887 1987 9 3 10 5 0 11.19 -61.91 81 4 0 4.4 0 0 
35906 1987 9 7 11 26 0 10.66 -60.85 42 0 0 0 0 0 
35907 1987 9 7 18 59 0 10.43 -62.07 34 0 0 2.9 0 0 
35909 1987 9 7 21 20 0 10.52 -61.85 27 0 0 0 0 0 
35914 1987 9 9 1 48 0 11.3 -60.62 33 0 0 0 0 0 
35915 1987 9 9 8 22 0 10.63 -61.98 54 0 0 2.9 0 0 
35916 1987 9 9 8 24 0 10.32 -62.05 16 0 0 3.1 0 0 
35917 1987 9 9 11 43 0 6.83 -73.03 1 4.5 3.3 0 0 0 
35918 1987 9 9 22 44 0 11 -62.27 24 0 0 2.8 0 0 
35921 1987 9 10 10 32 0 6.88 -73.19 1 4.6 3.5 4.9 0 0 
35923 1987 9 10 21 17 0 10.97 -62.02 80 0 0 0 0 0 
35936 1987 9 13 3 34 0 10.94 -62.29 85 0 0 0 0 0 
35940 1987 9 13 17 50 0 11.12 -62.08 92 0 0 2.5 0 0 
35955 1987 9 14 18 9 0 6.92 -73.2 1 4.5 3.3 0 0 0 
35962 1987 9 16 4 59 0 11.23 -62.28 142 0 0 0 0 0 
35967 1987 9 17 1 3 0 10.84 -61.19 0 0 0 0 0 0 
35978 1987 9 17 22 53 0 10.82 -61.16 3 0 0 4.2 0 0 
35979 1987 9 17 23 5 0 10.82 -61.19 13 0 0 0 0 0 
35981 1987 9 17 23 41 0 10.87 -61.23 12 0 0 0 0 0 
35982 1987 9 17 23 46 0 10.83 -61.17 2 0 0 4.1 0 0 
35983 1987 9 17 23 53 0 10.83 -61.19 13 0 0 0 0 0 
35984 1987 9 17 23 57 0 10.82 -61.19 13 0 0 0 0 0 
35986 1987 9 18 1 7 0 11.04 -62.52 45 0 0 3 0 0 
35994 1987 9 19 8 21 0 11.43 -61.5 35 0 0 0 0 0 
35997 1987 9 19 13 32 0 10.79 -61.16 0 0 0 0 0 0 
35998 1987 9 19 15 18 0 11.57 -61.94 8 0 0 0 0 0 
36001 1987 9 19 22 17 0 10.78 -61.18 23 0 0 0 0 0 
36005 1987 9 20 9 20 0 10.52 -61.31 14 0 0 2.5 0 0 
36032 1987 9 23 14 59 0 6.91 -73.14 1 4.4 3.2 0 0 0 
36034 1987 9 24 1 59 0 10.48 -61.68 28 0 0 0 0 0 
36036 1987 9 24 3 49 0 10.77 -61.3 4 0 0 2.5 0 0 
36048 1987 9 26 1 44 0 11.17 -62.37 26 0 0 3.3 0 0 
36052 1987 9 26 18 17 0 9.61 -61 35 0 0 3.1 0 0 
36056 1987 9 27 23 33 0 10.88 -62.46 50 0 0 4 0 0 
36072 1987 10 1 9 35 0 11.06 -62.15 72 0 0 0 0 0 
36081 1987 10 2 7 14 0 10.73 -62.01 20 0 0 0 0 0 
36082 1987 10 2 9 23 0 11.32 -62.05 35 0 0 0 0 0 
36098 1987 10 4 8 58 0 11.05 -61.8 38 0 0 2.6 0 0 
36101 1987 10 4 14 35 0 10.69 -61.73 5 0 0 0 0 0 
36104 1987 10 5 6 59 0 10.59 -61.81 7 0 0 0 0 0 
36110 1987 10 6 7 45 0 11.03 -62.24 0 0 0 0 0 0 
36119 1987 10 8 0 34 0 11.04 -62.13 0 0 0 0 0 0 
36121 1987 10 8 2 16 0 10.3 -63.21 0 0 0 3.4 0 0 
36126 1987 10 9 8 36 0 10.73 -61.95 84 0 0 0 0 0 
36139 1987 10 10 7 13 0 10.85 -63.23 35 0 0 3.3 0 0 
36160 1987 10 11 13 46 0 11.17 -61.66 27 0 0 0 0 0 
36161 1987 10 11 17 25 0 11.19 -61.77 8 0 0 3.1 0 0 
36188 1987 10 16 11 16 0 11.28 -61.87 35 0 0 3 0 0 
36192 1987 10 17 2 2 0 10.66 -62.15 80 0 0 0 0 0 
36194 1987 10 17 8 32 0 10.72 -61.58 2 0 0 0 0 0 
36198 1987 10 18 0 42 0 10.11 -62.99 8 0 0 3.2 0 0 
36200 1987 10 18 14 24 0 10.27 -61.06 30 0 0 0 0 0 
36203 1987 10 19 4 40 0 11.23 -62.02 13 0 0 0 0 0 
36211 1987 10 19 21 17 0 11 -61.67 57 0 0 0 0 0 
36222 1987 10 22 6 27 0 10.55 -61 33 0 0 0 0 0 
36223 1987 10 22 6 29 0 10.41 -60.94 28 0 0 0 0 0 
36230 1987 10 23 10 13 0 6.83 -72.98 1 4.6 3.5 0 0 0 
36276 1987 10 30 8 31 0 11.05 -61.84 35 0 0 0 0 0 
36279 1987 10 30 13 35 0 10.9 -61.85 44 0 0 0 0 0 
36288 1987 11 1 2 15 0 10.98 -62 30 0 0 3.1 0 0 
36291 1987 11 1 21 3 0 6.85 -73.09 1 4.3 3 0 0 0 
36299 1987 11 2 9 9 0 6.85 -73.1 1 4.5 3.3 0 0 0 
36303 1987 11 3 3 20 0 11.08 -62.41 27 0 0 2.9 0 0 
36313 1987 11 5 5 28 0 10.84 -62.38 94 4.7 0 4.8 0 0 
36317 1987 11 6 7 6 0 10.78 -62.1 69 0 0 0 0 0 
36327 1987 11 7 7 18 0 9.48 -61.51 87 0 0 3 0 0 
36328 1987 11 7 14 19 0 10.78 -61.35 41 0 0 2.3 0 0 
36341 1987 11 9 14 10 0 10.44 -61.46 30 0 0 2.3 0 0 
36349 1987 11 10 14 1 0 11.22 -61.79 35 0 0 0 0 0 
36353 1987 11 11 0 22 0 11.17 -62.24 30 0 0 2.9 0 0 
36367 1987 11 12 10 34 0 11.04 -62.2 56 0 0 3.5 0 0 
36374 1987 11 13 13 17 0 10.98 -61.86 37 0 0 2.7 0 0 
36375 1987 11 13 23 39 0 10.81 -61.75 26 0 0 0 0 0 
36378 1987 11 14 10 22 0 10.47 -61.5 44 0 0 0 0 0 
36380 1987 11 14 15 6 0 10.97 -62.03 79 0 0 2.4 0 0 
36381 1987 11 14 15 8 0 6.81 -73.11 1 4.8 3.8 0 0 0 
36399 1987 11 16 2 14 0 10.9 -62.2 72 0 0 0 0 0 
36408 1987 11 17 13 3 0 10.68 -61.73 26 0 0 0 0 0 
36410 1987 11 18 2 23 0 6.85 -73.08 1 4.1 2.8 0 0 0 
36415 1987 11 18 23 54 0 7 -73.31 1 4.3 3 0 0 0 
36428 1987 11 22 20 20 0 10.74 -62.17 62 0 0 0 0 0 
36451 1987 11 26 16 18 0 11.48 -60.27 54 0 0 0 0 0 
36473 1987 11 29 12 4 0 6.8 -73.03 1 4.5 3.3 0 0 0 
36498 1987 12 2 11 5 0 11.23 -61.9 35 0 0 0 0 0 
36529 1987 12 7 7 58 0 10.85 -62.06 0 0 0 2.8 0 0 
36555 1987 12 13 6 27 0 11.04 -60.8 16 0 0 2.3 0 0 
36607 1987 12 22 2 27 0 11.21 -61.63 13 0 0 0 0 0 
36615 1987 12 24 14 54 0 10.7 -62.29 104 0 0 4 0 0 
36624 1987 12 26 1 54 0 11.19 -62.24 83 0 0 2.6 0 0 
36678 1988 1 3 14 24 0 10.68 -61.48 43 0 0 2 0 0 
36692 1988 1 6 20 18 0 10.79 -62.11 57 0 0 0 0 0 
36718 1988 1 12 21 0 0 11.71 -62.35 0 0 0 0 0 0 
36719 1988 1 13 1 4 0 10.67 -61.43 32 0 0 0 0 0 
36734 1988 1 15 7 7 0 10.48 -61.76 10 0 0 0 0 0 
36742 1988 1 16 13 12 0 11.07 -62.08 49 0 0 4.4 0 0 
36753 1988 1 18 7 35 0 6.85 -72.96 1 4.8 3.8 0 0 0 
36757 1988 1 18 22 32 0 10.84 -62.23 31 0 0 0 0 0 
36764 1988 1 19 22 8 0 10.79 -61.58 63 4.6 0 4.6 0 0 
36774 1988 1 21 11 42 0 11.51 -61.26 35 0 0 0 0 0 
36776 1988 1 21 19 32 0 10.88 -61.39 62 0 0 0 0 0 
36796 1988 1 26 4 51 0 11.27 -60.95 3 0 0 0 0 0 
36797 1988 1 26 5 28 0 6.84 -73.11 1 4.3 3 0 0 0 
36798 1988 1 26 5 58 0 11.6 -61.01 6 0 0 2.9 0 0 
36800 1988 1 26 12 54 0 11.48 -61.8 35 0 0 0 0 0 
36804 1988 1 27 8 50 0 11.05 -62.16 65 0 0 0 0 0 
36806 1988 1 27 16 2 0 10.49 -61.7 35 0 0 3.2 0 0 
36807 1988 1 27 18 37 0 10.04 -62.17 5 0 0 2.6 0 0 
36810 1988 1 28 5 18 0 10.65 -62.26 0 0 0 2.8 0 0 
36813 1988 1 28 13 37 0 10.46 -61.38 21 0 0 0 0 0 
36817 1988 1 28 23 39 0 11.24 -61.67 0 0 0 0 0 0 
36820 1988 1 29 9 52 0 11.02 -62.41 90 0 0 0 0 0 
36824 1988 1 29 15 2 0 10.38 -62.33 71 0 0 0 0 0 
36825 1988 1 29 16 33 0 10.5 -62.08 0 0 0 0 0 0 
36833 1988 1 31 7 15 0 10.81 -62.3 100 4.5 0 4.5 0 0 
36834 1988 1 31 8 27 0 10.95 -62.06 75 0 0 0 0 0 
36839 1988 1 31 21 34 0 10.36 -61.8 0 0 0 2.2 0 0 
36849 1988 2 2 23 46 0 6.86 -73.02 1 5.1 4.2 2.5 0 0 
36850 1988 2 3 0 2 0 10.92 -62.21 70 0 0 0 0 0 
36853 1988 2 3 8 2 0 10.43 -62.09 35 0 0 2.6 0 0 
36905 1988 2 9 18 33 0 10.8 -62.25 56 0 0 0 0 0 
36915 1988 2 10 23 5 0 6.92 -72.99 1 4.8 3.8 0 0 0 
36921 1988 2 12 2 55 0 11.53 -62.37 35 0 0 2.6 0 0 
36939 1988 2 16 0 55 0 10.99 -62.36 82 0 0 2.9 0 0 
36947 1988 2 17 19 26 0 10.85 -61.88 2 0 0 2.7 0 0 
36958 1988 2 19 0 3 0 10.34 -61.89 33 0 0 1.7 0 0 
36961 1988 2 19 1 9 0 10.88 -62.23 71 0 0 0 0 0 
36963 1988 2 19 17 39 0 11.27 -61.37 20 0 0 0 0 0 
36974 1988 2 21 21 26 0 8.03 -71.84 33 4.5 0 0 0 0 
36983 1988 2 22 19 19 0 10.89 -62.43 33 0 0 0 0 0 
36991 1988 2 24 0 38 0 10.37 -61.23 46 0 0 2.3 0 0 
36992 1988 2 24 5 37 0 11.03 -61.32 30 0 0 0 0 0 
37003 1988 2 25 10 47 0 8.09 -71.89 33 4.6 0 0 0 0 
37018 1988 2 27 4 50 0 6.8 -73.03 1 4.9 3.9 0 0 0 
37048 1988 3 4 1 15 0 11.39 -61.89 65 0 0 0 0 0 
37056 1988 3 6 5 2 0 10.91 -62.16 100 0 0 0 0 0 
37069 1988 3 9 17 29 0 6.85 -73.05 1 4.6 3.5 0 0 0 
37077 1988 3 10 3 51 0 11.2 -61.63 22 0 0 0 0 0 
37078 1988 3 10 6 17 0 10.24 -60.54 12 6.2 6.5 6.2 0 0 
37080 1988 3 10 6 29 0 12.96 -59.3 33 4.7 0 5.4 0 0 
37081 1988 3 10 6 30 0 10.23 -60.51 21 5.4 0 5.4 0 0 
37082 1988 3 10 6 33 0 10.5 -60.55 59 5.1 0 5.1 0 0 
37083 1988 3 10 6 45 0 10.18 -60.65 134 0 0 0 0 0 
37084 1988 3 10 6 50 0 10.29 -60.47 99 0 0 0 0 0 
37085 1988 3 10 6 54 0 10.38 -60.62 115 0 0 3.5 0 0 
37087 1988 3 10 7 12 0 10.47 -60.79 84 0 0 3.5 0 0 
37088 1988 3 10 7 17 0 10.07 -60.21 122 0 0 0 0 0 
37089 1988 3 10 7 22 0 10.16 -60.16 33 4.6 0 0 0 0 
37090 1988 3 10 7 22 0 10.6 -60.7 68 4.5 0 4.6 0 0 
37091 1988 3 10 7 26 0 10 -60.65 114 0 0 0 0 0 
37092 1988 3 10 7 26 0 10.49 -60.6 33 0 0 0 0 0 
37093 1988 3 10 7 47 0 10.48 -60.67 48 4.5 0 3.8 0 0 
37094 1988 3 10 8 9 0 10.52 -60.52 77 0 0 2.9 0 0 
37095 1988 3 10 9 10 0 10.69 -60.78 35 0 0 4.3 0 0 
37097 1988 3 10 10 28 0 10.07 -59.89 35 0 0 4.7 0 0 
37098 1988 3 10 11 20 0 10.46 -60.58 36 0 0 2.9 0 0 
37099 1988 3 10 11 36 0 10.6 -60.8 72 4 0 3.6 0 0 
37100 1988 3 10 12 12 0 10.37 -60.4 52 4.5 0 4.5 0 0 
37102 1988 3 10 13 6 0 10.8 -61 81 4.1 0 4.4 0 0 
37103 1988 3 10 14 57 0 10.56 -60.71 35 0 0 0 0 0 
37104 1988 3 10 15 3 0 10.04 -60.19 55 0 0 0 0 0 
37105 1988 3 10 17 4 0 10.53 -60.61 35 0 0 3.6 0 0 
37106 1988 3 10 17 19 0 10.43 -60.49 63 0 0 0 0 0 
37109 1988 3 10 19 6 0 10.56 -60.52 60 0 0 4 0 0 
37111 1988 3 10 23 14 0 10.3 -60.1 33 4.3 0 4.4 0 0 
37112 1988 3 10 23 38 0 10.43 -60.1 33 4.5 0 4.6 0 0 
37113 1988 3 11 0 58 0 10.55 -60.6 60 4.8 0 4.9 0 0 
37114 1988 3 11 1 30 0 10.5 -61 76 4.4 0 4.5 0 0 
37115 1988 3 11 6 14 0 10.53 -60.48 54 5 4.4 4.9 0 0 
37116 1988 3 11 6 48 0 10.12 -60.71 111 0 0 3.9 0 0 
37117 1988 3 11 6 48 0 10.44 -60.57 33 0 0 3.9 0 0 
37122 1988 3 11 10 32 0 10.17 -60.06 36 0 0 4.1 0 0 
37123 1988 3 11 10 50 0 10.5 -60.78 37 0 0 4.4 0 0 
37125 1988 3 11 14 54 0 10.4 -60.4 35 0 0 3.9 0 0 
37126 1988 3 11 16 1 0 10.18 -60.59 36 5.2 4.8 5 0 0 
37128 1988 3 11 20 16 0 10.6 -60.21 35 0 0 3.9 0 0 
37131 1988 3 12 4 32 0 10.19 -60.62 51 5.7 5.4 5.7 0 0 
37132 1988 3 12 5 24 0 10.37 -60.47 61 0 0 4.4 0 0 
37133 1988 3 12 5 30 0 10.47 -60.99 36 0 0 4.4 0 0 
37134 1988 3 12 5 44 0 10.68 -60.88 27 0 0 3.1 0 0 
37137 1988 3 12 9 12 0 10.13 -60.58 88 0 0 4.1 0 0 
37139 1988 3 12 21 37 0 10.05 -60.2 69 4.2 0 4 0 0 
37140 1988 3 12 23 0 0 10.23 -60.2 39 4.6 3.7 4.3 0 0 
37142 1988 3 13 9 20 0 11.45 -61.85 20 0 0 4 0 0 
37146 1988 3 13 17 0 0 10.08 -60.15 31 4.6 0 4.5 0 0 
37148 1988 3 14 3 2 0 10.57 -60.92 36 0 0 3.4 0 0 
37155 1988 3 14 11 53 0 10.08 -60.1 23 4.2 0 4.6 0 0 
37157 1988 3 14 14 49 0 10.1 -60.16 58 0 0 3.9 0 0 
37158 1988 3 14 15 5 0 11.3 -62.08 109 0 0 2.8 0 0 
37159 1988 3 14 21 13 0 10.38 -60.5 66 0 0 3.3 0 0 
37160 1988 3 14 22 50 0 10.48 -60.61 51 0 0 3 0 0 
37161 1988 3 14 23 23 0 10.76 -60.91 12 0 0 2.6 0 0 
37162 1988 3 14 23 29 0 10.57 -60.67 54 0 0 2.9 0 0 
37164 1988 3 15 0 59 0 10.32 -60.39 35 0 0 3.4 0 0 
37166 1988 3 15 8 22 0 10.33 -60.23 48 0 0 3.2 0 0 
37167 1988 3 15 12 35 0 10.41 -60.69 33 0 0 4.2 0 0 
37169 1988 3 16 1 30 0 10.94 -62.05 53 0 0 3.6 0 0 
37170 1988 3 16 3 48 0 10.82 -63.2 35 0 0 0 0 0 
37171 1988 3 16 5 48 0 10.24 -60.62 48 5.7 5.4 5.6 0 0 
37173 1988 3 16 14 24 0 10.46 -60.51 61 4.8 0 4.5 0 0 
37174 1988 3 16 16 46 0 10.2 -60.39 53 0 0 3.1 0 0 
37178 1988 3 17 8 59 0 10.55 -60.56 65 0 0 0 0 0 
37179 1988 3 17 11 17 0 10.45 -60.55 63 4.6 0 4.3 0 0 
37180 1988 3 17 11 53 0 10.53 -60.54 117 0 0 3.4 0 0 
37182 1988 3 17 12 31 0 10.4 -60.4 97 0 0 4 0 0 
37183 1988 3 17 19 58 0 10.83 -62.04 76 0 0 3.5 0 0 
37185 1988 3 17 23 24 0 10.1 -60.35 35 0 0 3.6 0 0 
37186 1988 3 18 1 20 0 10.02 -60.2 33 4.5 0 4.2 0 0 
37188 1988 3 18 3 23 0 10.37 -60.42 63 0 0 4.1 0 0 
37191 1988 3 18 10 9 0 10.82 -60.92 29 0 0 3.6 0 0 
37192 1988 3 18 13 4 0 8.26 -71.99 33 4.5 3.5 0 0 0 
37195 1988 3 19 0 56 0 10.42 -60.44 89 0 0 1.9 0 0 
37201 1988 3 19 20 13 0 10.54 -60.54 64 0 0 3.6 0 0 
37202 1988 3 20 0 16 0 10.98 -62.18 75 0 0 2.3 0 0 
37203 1988 3 20 0 54 0 10.41 -60.3 51 4.5 0 0 0 0 
37212 1988 3 20 19 42 0 10.5 -61.39 24 0 0 2.3 0 0 
37216 1988 3 21 15 51 0 10.24 -61.99 22 0 0 0 0 0 
37223 1988 3 23 3 35 0 10.49 -61.76 0 0 0 0 0 0 
37225 1988 3 23 7 20 0 10.37 -61.99 5 0 0 4.2 0 0 
37226 1988 3 23 9 1 0 10.61 -62.08 43 0 0 0 0 0 
37228 1988 3 24 4 15 0 10.33 -60.4 100 0 0 3 0 0 
37229 1988 3 24 5 2 0 10.64 -60.77 33 0 0 3.4 0 0 
37230 1988 3 24 14 44 0 10.08 -60.31 74 0 0 4.2 0 0 
37234 1988 3 25 3 38 0 10.58 -60.79 58 0 0 2.8 0 0 
37237 1988 3 25 14 52 0 10.77 -62.34 62 0 0 0 0 0 
37238 1988 3 25 16 20 0 10.14 -60.68 26 5.2 5 5.5 0 0 
37240 1988 3 25 17 44 0 10.24 -60.48 78 0 0 3.4 0 0 
37241 1988 3 25 21 55 0 10.17 -60.2 28 0 0 3.4 0 0 
37250 1988 3 26 23 16 0 11.36 -61.99 112 0 0 3.6 0 0 
37256 1988 3 27 18 57 0 6.9 -73.08 1 4.5 3.3 0 0 0 
37258 1988 3 28 0 7 0 10.41 -60.69 88 0 0 0 0 0 
37262 1988 3 28 10 28 0 10.28 -60.61 106 0 0 0 0 0 
37265 1988 3 29 1 42 0 10.86 -62.08 73 0 0 0 0 0 
37272 1988 3 29 13 37 0 10.45 -64.98 7 5 4.9 5 0 0 
37273 1988 3 29 13 46 0 10.47 -64.92 16 4.7 0 4.7 0 0 
37276 1988 3 30 1 3 0 10.78 -60.98 100 0 0 0 0 0 
37277 1988 3 30 3 22 0 11.22 -61.89 0 0 0 0 0 0 
37278 1988 3 30 4 7 0 10.81 -61.08 68 0 0 0 0 0 
37281 1988 3 30 10 3 0 10.63 -60.91 33 0 0 0 0 0 
37282 1988 3 30 10 10 0 10.54 -60.58 35 0 0 0 0 0 
37285 1988 3 30 23 19 0 10.6 -62.6 80 4 0 4.1 0 0 
37287 1988 3 31 0 1 0 10.01 -60.5 18 0 0 0 0 0 
37292 1988 3 31 8 16 0 10.48 -61 38 0 0 0 0 0 
37294 1988 3 31 15 50 0 10.35 -60.58 102 0 0 0 0 0 
37299 1988 4 1 2 41 0 10.24 -60.45 88 0 0 0 0 0 
37301 1988 4 1 12 59 0 10.34 -60.8 63 4.5 0 4.4 0 0 
37302 1988 4 1 13 14 0 10.44 -61.02 61 0 0 0 0 0 
37304 1988 4 1 18 31 0 6.99 -73.21 1 4.1 2.8 0 0 0 
37308 1988 4 2 6 43 0 10.28 -60.76 48 0 0 0 0 0 
37317 1988 4 3 18 19 0 10.45 -60.47 69 0 0 0 0 0 
37320 1988 4 4 19 36 0 6.92 -73.32 1 4.4 3.2 0 0 0 
37328 1988 4 5 10 28 0 10.6 -60.6 60 4.3 0 0 0 0 
37329 1988 4 5 10 34 0 10.64 -60.95 52 0 0 0 0 0 
37334 1988 4 6 17 31 0 10.45 -60.66 104 0 0 0 0 0 
37344 1988 4 7 21 43 0 10.55 -60.77 59 0 0 0 0 0 
37345 1988 4 7 21 47 0 10.02 -60.1 20 4.5 0 4.4 0 0 
37347 1988 4 8 22 49 0 10.67 -60.83 32 0 0 0 0 0 
37349 1988 4 9 17 21 0 10.15 -60.3 83 0 0 0 0 0 
37350 1988 4 9 17 55 0 9.85 -60.37 47 0 0 0 0 0 
37364 1988 4 12 5 56 0 10.53 -60.5 81 0 0 0 0 0 
37369 1988 4 12 19 41 0 10.71 -62.85 96 5.5 0 4.9 0 0 
37387 1988 4 14 7 31 0 10.36 -60.2 34 4.2 0 4 0 0 
37393 1988 4 14 19 46 0 10.27 -60.28 46 0 0 3.8 0 0 
37395 1988 4 15 2 19 0 8.47 -73.22 1 4.3 3 0 0 0 
37399 1988 4 15 12 1 0 10.13 -60.22 64 0 0 3.4 0 0 
37404 1988 4 16 7 7 0 11.41 -62 141 4.4 0 4.3 0 0 
37405 1988 4 16 19 6 0 10.12 -60.25 115 0 0 3.6 0 0 
37407 1988 4 17 13 50 0 10.61 -60.73 47 0 0 0 0 0 
37423 1988 4 21 8 10 0 10.14 -60.38 71 0 0 3.4 0 0 
37426 1988 4 21 21 55 0 10.8 -60.98 21 0 0 0 0 0 
37427 1988 4 22 0 42 0 10.19 -60.33 41 0 0 0 0 0 
37433 1988 4 22 10 16 0 10.11 -60.4 65 0 0 4.1 0 0 
37436 1988 4 22 22 3 0 10.79 -61.53 33 0 0 0 0 0 
37437 1988 4 22 22 17 0 10.92 -61.79 6 0 0 0 0 0 
37438 1988 4 23 2 25 0 10.87 -61.17 14 0 0 0 0 0 
37441 1988 4 23 20 28 0 10.96 -61.03 21 0 0 0 0 0 
37443 1988 4 23 23 12 0 7.31 -73.41 1 4.7 3.6 0 0 0 
37447 1988 4 24 9 6 0 10.63 -61.79 5 0 0 0 0 0 
37458 1988 4 26 4 54 0 10.64 -60.91 86 0 0 0 0 0 
37461 1988 4 26 15 58 0 10.88 -60.84 35 0 0 0 0 0 
37463 1988 4 26 22 26 0 10.49 -60.73 63 0 0 0 0 0 
37472 1988 4 28 22 15 0 10.37 -60.6 63 4.5 0 4.3 0 0 
37480 1988 4 29 23 20 0 10.4 -61.42 20 0 0 0 0 0 
37481 1988 4 30 0 4 0 10.37 -61.34 22 0 0 0 0 0 
37485 1988 4 30 21 37 0 10.4 -61.6 52 4.1 3.5 4.3 0 0 
37486 1988 4 30 21 40 0 10.4 -61.52 34 0 0 0 0 0 
37487 1988 4 30 21 42 0 10.35 -61.41 46 0 0 2.3 0 0 
37501 1988 5 3 0 33 0 11.35 -61.9 114 0 0 0 0 0 
37505 1988 5 4 13 14 0 10.25 -60.16 66 0 0 3.1 0 0 
37511 1988 5 5 11 2 0 10.22 -60.38 35 0 0 3.7 0 0 
37516 1988 5 6 10 47 0 10.08 -60.42 76 0 0 3.7 0 0 
37521 1988 5 7 3 15 0 11.51 -61.25 37 0 0 4.1 0 0 
37522 1988 5 7 3 35 0 10.58 -60.42 70 0 0 0 0 0 
37525 1988 5 8 3 15 0 10.24 -60.4 35 4.2 4.5 4.6 0 0 
37528 1988 5 8 17 36 0 10.89 -62.14 80 0 0 0 0 0 
37538 1988 5 12 12 43 0 10.44 -60.49 64 0 0 0 0 0 
37547 1988 5 14 6 56 0 9.71 -64.57 105 0 0 4.3 0 0 
37556 1988 5 16 6 11 0 10.89 -61.2 0 0 0 0 0 0 
37559 1988 5 16 12 8 0 11.56 -61.58 111 0 0 0 0 0 
37561 1988 5 17 7 43 0 10.36 -62.42 3 0 3.7 4.5 0 0 
37610 1988 5 22 10 31 0 10.59 -60.5 88 0 0 0 0 0 
37614 1988 5 22 12 38 0 10.7 -60.76 87 0 0 0 0 0 
37641 1988 5 26 12 0 0 6.81 -73.06 1 4.2 2.9 0 0 0 
37665 1988 5 29 20 55 0 11.44 -61.55 54 0 0 0 0 0 
37666 1988 5 29 20 56 0 10.86 -62.3 103 4.1 0 3.9 0 0 
37676 1988 5 31 12 15 0 10.7 -60.77 35 0 0 0 0 0 
37684 1988 6 1 9 54 0 11.85 -60.83 35 0 0 0 0 0 
37686 1988 6 1 18 56 0 6.93 -73.06 1 4.3 3 0 0 0 
37688 1988 6 2 3 3 0 6.87 -73.04 1 4.9 3.9 6.2 0 0 
37700 1988 6 4 3 29 0 10.44 -60.3 56 4.4 0 4.3 0 0 
37711 1988 6 5 4 24 0 6.9 -73.19 1 4.3 3 0 0 0 
37717 1988 6 6 2 29 0 10.38 -60.66 65 4.6 0 4.8 0 0 
37719 1988 6 6 7 39 0 10.19 -60.64 25 0 0 0 0 0 
37731 1988 6 9 23 16 0 10.73 -60.76 35 0 0 0 0 0 
37735 1988 6 10 19 5 0 11.83 -60.94 80 0 0 0 0 0 
37737 1988 6 10 20 30 0 10.44 -60.21 35 0 0 0 0 0 
37739 1988 6 11 6 20 0 11.22 -62.37 28 0 0 3.5 0 0 
37755 1988 6 14 20 50 0 10.9 -62.04 92 0 0 0 0 0 
37760 1988 6 15 19 2 0 9.96 -60.13 16 0 0 0 0 0 
37765 1988 6 16 19 8 0 10.8 -61.51 75 0 0 0 0 0 
37768 1988 6 17 8 0 0 10.94 -61.12 101 0 0 0 0 0 
37775 1988 6 19 7 20 0 10.14 -60.36 137 0 0 0 0 0 
37776 1988 6 19 23 48 0 10.64 -61.52 47 0 0 0 0 0 
37777 1988 6 20 0 36 0 6.94 -73.23 1 4.5 3.3 0 0 0 
37784 1988 6 20 16 45 0 10.96 -69.3 24 4.5 4 0 0 0 
37796 1988 6 23 6 39 0 10.97 -62.09 76 0 0 0 0 0 
37805 1988 6 24 8 57 0 10.18 -60.56 24 6 5.6 5.1 0 0 
37806 1988 6 24 9 53 0 10.79 -60.95 30 0 0 0 0 0 
37808 1988 6 24 10 27 0 10.28 -61.7 32 0 0 4.3 0 0 
37809 1988 6 24 10 30 0 6.82 -73.05 1 4.2 2.9 0 0 0 
37812 1988 6 24 13 13 0 9.99 -60.34 63 0 0 4 0 0 
37813 1988 6 24 22 25 0 10.21 -60.4 57 0 0 4.2 0 0 
37820 1988 6 25 23 48 0 10.01 -60.2 45 0 0 0 0 0 
37822 1988 6 26 7 3 0 10.34 -60.59 58 5.1 4.3 4.8 0 0 
37826 1988 6 26 22 25 0 10.43 -60.87 64 0 0 0 0 0 
37835 1988 6 27 16 3 0 10.31 -60.51 54 0 0 0 0 0 
37837 1988 6 28 0 20 0 10.71 -60.76 57 0 0 0 0 0 
37843 1988 6 28 22 29 0 11.1 -61.37 33 0 0 0 0 0 
37851 1988 6 30 5 44 0 7.3 -72.05 33 4.5 0 0 0 0 
37852 1988 6 30 7 0 0 10.61 -61.65 37 0 0 0 0 0 
37854 1988 6 30 9 11 0 6.84 -73.4 1 4.5 3.3 0 0 0 
37855 1988 6 30 11 53 0 10.4 -60.4 123 0 0 3.6 0 0 
37860 1988 6 30 17 33 0 10.57 -60.53 72 0 0 3.4 0 0 
37861 1988 6 30 23 15 0 10.78 -62.3 98 0 0 0 0 0 
37863 1988 7 1 18 54 0 10.54 -60.59 78 0 0 0 0 0 
37864 1988 7 2 1 58 0 10.73 -60.87 33 0 0 0 0 0 
37865 1988 7 2 3 11 0 10.52 -60.75 48 0 0 0 0 0 
37873 1988 7 3 2 16 0 6.9 -73.2 1 4.3 3 0 0 0 
37876 1988 7 4 7 25 0 11.57 -61.3 32 0 0 0 0 0 
37885 1988 7 5 11 8 0 11.26 -61.67 90 0 0 0 0 0 
37888 1988 7 6 19 48 0 11.11 -62.53 122 5.1 0 4.8 0 0 
37889 1988 7 6 21 47 0 11.13 -62.05 27 0 0 0 0 0 
37890 1988 7 7 0 49 0 10.89 -62.13 66 0 0 0 0 0 
37892 1988 7 7 8 3 0 10.61 -60.79 64 0 0 0 0 0 
37897 1988 7 8 3 10 0 10.77 -62.27 122 0 0 0 0 0 
37901 1988 7 8 7 5 0 10.99 -61.72 23 0 0 0 0 0 
37908 1988 7 9 21 32 0 6.91 -73.21 1 4 2.7 0 0 0 
37918 1988 7 11 8 46 0 11 -62.07 19 0 0 0 0 0 
37924 1988 7 12 9 55 0 9.85 -71.34 34 5.4 4.4 0 0 0 
37926 1988 7 12 18 37 0 10.48 -61.97 10 0 0 0 0 0 
37927 1988 7 12 18 40 0 10.39 -62.3 0 0 0 4.1 0 0 
37928 1988 7 12 18 55 0 10.56 -61.96 0 0 0 0 0 0 
37929 1988 7 12 19 0 0 10.52 -62.01 0 0 0 0 0 0 
37930 1988 7 12 19 5 0 10.31 -62.43 0 0 0 3.3 0 0 
37931 1988 7 12 19 21 0 10.4 -62.25 5 0 0 4.4 0 0 
37932 1988 7 12 21 24 0 10.53 -61.91 9 0 0 0 0 0 
37933 1988 7 13 0 40 0 10.49 -62.21 0 0 0 0 0 0 
37936 1988 7 13 5 17 0 10.38 -62.37 0 0 0 0 0 0 
37937 1988 7 13 8 52 0 10.23 -60.53 58 0 0 0 0 0 
37939 1988 7 13 22 36 0 10.55 -61.79 21 0 0 0 0 0 
37941 1988 7 14 20 0 0 10.94 -61.26 47 0 0 0 0 0 
37944 1988 7 15 6 28 0 11.64 -61.22 35 0 0 0 0 0 
37946 1988 7 15 8 10 0 10.44 -60.41 34 0 0 0 0 0 
37951 1988 7 16 6 40 0 11.1 -61.94 54 0 0 0 0 0 
37952 1988 7 16 8 23 0 10.99 -62.16 34 0 0 0 0 0 
37953 1988 7 16 10 7 0 11.25 -61.86 19 0 0 0 0 0 
37955 1988 7 17 10 54 0 10.26 -60.22 15 0 0 3.4 0 0 
37956 1988 7 17 11 57 0 10.58 -62.03 0 0 0 0 0 0 
37958 1988 7 17 16 22 0 10.26 -60.52 76 0 0 0 0 0 
37960 1988 7 17 21 23 0 6.79 -73.09 1 4.8 3.8 0 0 0 
37961 1988 7 17 21 23 0 10.84 -62.18 75 0 0 0 0 0 
37962 1988 7 17 21 25 0 11.49 -63.92 36 0 0 4 0 0 
37966 1988 7 18 7 10 0 6.87 -72.96 1 4.4 3.2 0 0 0 
37968 1988 7 18 7 45 0 11.33 -61.3 34 0 0 0 0 0 
37969 1988 7 18 8 52 0 11.01 -62.03 86 0 0 0 0 0 
37970 1988 7 18 11 28 0 10.93 -62.33 75 0 0 0 0 0 
37972 1988 7 18 21 33 0 10.4 -60.56 56 0 0 0 0 0 
37978 1988 7 19 9 24 0 10.12 -62.35 62 0 0 0 0 0 
37980 1988 7 19 11 53 0 10.43 -62.28 30 0 0 3.5 0 0 
37985 1988 7 20 3 44 0 10.63 -60.54 29 0 0 2.9 0 0 
37993 1988 7 21 7 54 0 10.09 -63.13 45 0 0 0 0 0 
37994 1988 7 21 8 42 0 12.43 -61.65 177 0 0 4.3 0 0 
38001 1988 7 21 16 9 0 10.67 -60.76 27 0 0 0 0 0 
38004 1988 7 21 21 31 0 10.69 -60.95 21 0 0 0 0 0 
38007 1988 7 22 7 56 0 10.67 -61.72 0 0 0 0 0 0 
38016 1988 7 23 22 50 0 11.26 -61.9 45 0 0 0 0 0 
38024 1988 7 27 15 0 0 11.03 -62.07 69 0 0 0 0 0 
38025 1988 7 27 18 7 0 10.95 -62.07 74 0 0 0 0 0 
38026 1988 7 27 23 50 0 11.61 -61.26 13 0 0 0 0 0 
38027 1988 7 27 23 51 0 11.56 -61.28 56 0 0 0 0 0 
38028 1988 7 28 0 6 0 11.58 -61.27 34 0 0 0 0 0 
38032 1988 7 29 3 44 0 10.68 -60.87 16 0 0 0 0 0 
38036 1988 7 29 23 41 0 10.49 -60.56 30 0 0 0 0 0 
38042 1988 7 31 16 8 0 10.78 -60.55 49 0 0 0 0 0 
38044 1988 8 1 21 23 0 10.94 -62.08 81 0 0 0 0 0 
38048 1988 8 2 14 50 0 10.48 -62.14 3 0 0 0 0 0 
38049 1988 8 2 20 28 0 10.67 -60.65 29 0 0 0 0 0 
38050 1988 8 3 0 36 0 10.8 -61.47 42 0 0 0 0 0 
38058 1988 8 4 4 11 0 11.15 -61.83 18 0 0 0 0 0 
38064 1988 8 4 15 20 0 10.73 -62.65 24 0 0 0 0 0 
38071 1988 8 5 21 29 0 11.28 -62.04 115 0 0 0 0 0 
38074 1988 8 6 20 11 0 10.52 -63.53 35 0 0 3.2 0 0 
38086 1988 8 10 0 28 0 11.46 -61.28 24 0 0 0 0 0 
38089 1988 8 11 1 34 0 10.89 -62.45 13 4.4 0 4.1 0 0 
38090 1988 8 11 1 43 0 10.83 -62.18 62 0 0 0 0 0 
38094 1988 8 11 22 50 0 10.86 -62.29 14 0 0 0 0 0 
38097 1988 8 12 6 40 0 10.38 -60.57 62 0 0 0 0 0 
38098 1988 8 12 7 48 0 11.12 -61.88 25 0 0 0 0 0 
38109 1988 8 14 12 8 0 6.9 -73.15 1 4.6 3.5 0 0 0 
38114 1988 8 14 22 35 0 10.6 -60.45 60 0 0 0 0 0 
38118 1988 8 16 0 44 0 11.28 -61.49 24 0 0 0 0 0 
38123 1988 8 16 5 27 0 10.1 -60.24 83 0 0 0 0 0 
38135 1988 8 17 17 23 0 10.76 -62.26 90 0 0 0 0 0 
38138 1988 8 18 0 9 0 10.46 -62.03 2 0 0 0 0 0 
38154 1988 8 19 10 53 0 11.05 -62.12 78 0 0 0 0 0 
38159 1988 8 20 6 37 0 10.59 -61.84 6 0 0 0 0 0 
38164 1988 8 20 17 11 0 10.63 -60.78 35 0 0 0 0 0 
38174 1988 8 22 11 30 0 10.01 -71.18 10 0 0 0 0 0 
38177 1988 8 23 20 17 0 10.97 -62.19 84 0 0 0 0 0 
38192 1988 8 27 3 35 0 10.86 -62.14 80 0 0 0 0 0 
38201 1988 8 29 4 7 0 11.28 -61.96 138 0 0 0 0 0 
38202 1988 8 29 9 41 0 11.55 -62.28 165 0 0 0 0 0 
38214 1988 8 31 3 40 0 11.7 -61.8 187 0 0 0 0 0 
38217 1988 8 31 16 44 0 11.27 -61.65 2 0 0 0 0 0 
38222 1988 9 1 8 0 0 11.25 -62 90 0 0 0 0 0 
38225 1988 9 2 6 18 0 10.45 -62.51 48 4 4.3 4.1 0 0 
38226 1988 9 2 8 30 0 10.06 -60.33 86 0 0 0 0 0 
38247 1988 9 6 6 36 0 10.64 -62.03 0 0 0 0 0 0 
38259 1988 9 8 18 9 0 10.22 -60.39 10 0 0 0 0 0 
38276 1988 9 11 11 18 0 11.96 -61.08 10 0 0 4.1 0 0 
38284 1988 9 14 1 43 0 10.65 -60.82 10 0 0 0 0 0 
38291 1988 9 15 7 19 0 10.6 -60.82 32 0 0 0 0 0 
38295 1988 9 15 17 10 0 11.57 -61.3 10 0 0 0 0 0 
38301 1988 9 16 15 17 0 10.57 -61.98 10 0 0 0 0 0 
38302 1988 9 16 18 40 0 10.22 -60.48 74 0 0 0 0 0 
38308 1988 9 19 4 22 0 10.94 -61.24 33 0 0 0 0 0 
38316 1988 9 20 16 0 0 10.84 -62.46 30 0 0 3.5 0 0 
38341 1988 9 24 22 4 0 12 -60.35 19 0 0 4.2 0 0 
38342 1988 9 24 22 6 0 11.98 -60.44 20 0 0 4.3 0 0 
38343 1988 9 25 0 21 0 11.99 -60.25 0 0 0 4.2 0 0 
38345 1988 9 25 9 34 0 10.51 -60.58 58 0 0 0 0 0 
38348 1988 9 25 22 56 0 10.6 -61.92 14 0 0 0 0 0 
38350 1988 9 26 3 54 0 10.89 -65.51 11 4.6 4.2 0 0 0 
38358 1988 9 28 15 29 0 11.01 -62.25 95 0 0 0 0 0 
38386 1988 10 3 2 15 0 11.65 -61.19 92 0 0 4 0 0 
38396 1988 10 5 6 7 0 10.87 -61.73 33 0 0 0 0 0 
38403 1988 10 6 18 23 0 6.92 -72.95 1 4.1 2.8 0 0 0 
38418 1988 10 10 2 13 0 11.06 -61.82 41 0 0 0 0 0 
38435 1988 10 15 21 53 0 10.01 -60.41 56 0 0 3.5 0 0 
38483 1988 10 22 17 30 0 11.21 -61.03 52 0 0 0 0 0 
38485 1988 10 23 3 23 0 10.16 -60.4 54 0 0 3.2 0 0 
38494 1988 10 24 8 5 0 11.49 -62.14 24 0 0 0 0 0 
38496 1988 10 24 16 21 0 9.1 -63.67 33 0 0 4.1 0 0 
38498 1988 10 24 23 27 0 10.51 -60.56 37 0 0 0 0 0 
38516 1988 10 28 8 40 0 8.66 -73.18 1 4.5 3.3 0 0 0 
38517 1988 10 29 2 23 0 10.08 -60.31 88 0 0 0 0 0 
38519 1988 10 29 8 32 0 10.46 -60.53 82 0 0 0 0 0 
38540 1988 11 2 9 19 0 10.59 -60.67 68 0 0 0 0 0 
38542 1988 11 2 21 2 0 10.28 -60.27 89 0 0 0 0 0 
38544 1988 11 3 8 49 0 10.81 -62.04 92 0 0 0 0 0 
38552 1988 11 4 23 4 0 10.59 -60.63 44 0 0 0 0 0 
38559 1988 11 6 17 3 0 8.26 -73.12 1 4.2 2.9 4.5 0 0 
38561 1988 11 7 6 24 0 10.63 -60.83 33 0 0 0 0 0 
38563 1988 11 8 8 4 0 10.82 -63.12 10 0 0 0 0 0 
38567 1988 11 9 19 49 0 11.33 -62.5 42 0 0 0 0 0 
38583 1988 11 11 4 59 0 10.62 -61.74 3 0 0 0 0 0 
38606 1988 11 16 0 45 0 10.51 -62.42 76 0 0 3.6 0 0 
38635 1988 11 22 1 18 0 10.69 -61.76 33 0 0 0 0 0 
38637 1988 11 22 11 16 0 10.89 -62 81 4.1 0 4.3 0 0 
38641 1988 11 23 8 52 0 6.94 -72.99 1 4.8 3.8 0 0 0 
38646 1988 11 24 0 33 0 9.99 -60.31 23 0 0 3.6 0 0 
38648 1988 11 24 11 28 0 10.92 -61.76 33 0 0 0 0 0 
38653 1988 11 25 5 19 0 10.45 -60.54 71 0 0 0 0 0 
38688 1988 12 2 18 25 0 10.33 -60.88 60 0 0 0 0 0 
38695 1988 12 3 15 54 0 10.69 -60.6 33 0 0 0 0 0 
38699 1988 12 4 0 41 0 10.17 -60.37 48 4.8 0 4.5 0 0 
38700 1988 12 4 4 28 0 11.78 -60.92 66 0 0 3.8 0 0 
38759 1988 12 11 23 16 0 10.93 -61.12 0 0 0 0 0 0 
38774 1988 12 15 20 16 0 10.87 -62.52 95 5 0 4.6 0 0 
38780 1988 12 16 8 14 0 10.5 -64.69 119 0 0 4.2 0 0 
38803 1988 12 21 16 37 0 7.05 -73.2 1 4.2 2.9 0 0 0 
38805 1988 12 21 19 43 0 11.29 -61.68 3 0 0 0 0 0 
38832 1988 12 25 18 52 0 7.08 -72.79 1 4.4 3.2 0 0 0 
38837 1988 12 27 0 44 0 10.43 -62.33 1 0 0 4.2 0 0 
38845 1988 12 28 2 9 0 6.98 -73.12 1 4.4 3.2 0 0 0 
38883 1989 1 3 11 35 0 11.16 -62.29 5 0 0 0 0 0 
38894 1989 1 5 16 20 0 10.54 -62.16 10 0 0 0 0 0 
38902 1989 1 7 9 39 0 6.83 -72.98 1 4.8 3.8 0 0 0 
38922 1989 1 13 10 55 0 11.26 -61.68 10 0 0 0 0 0 
38944 1989 1 17 9 5 0 11.91 -61.44 100 0 0 0 0 0 
38949 1989 1 18 18 41 0 10.77 -62.49 68 0 0 0 0 0 
38952 1989 1 19 14 43 0 10.83 -62.27 144 0 0 4.2 0 0 
38971 1989 1 25 22 47 0 10.69 -60.93 30 0 0 0 0 0 
38986 1989 1 29 1 37 0 6.94 -72.9 1 4.6 3.5 0 0 0 
38987 1989 1 29 3 27 0 10.56 -63.73 0 0 0 4.1 0 0 
38996 1989 1 30 7 45 0 7.9 -72.07 41 5.4 4.5 0 0 0 
39001 1989 1 30 22 34 0 10.11 -60.3 59 0 0 3.7 0 0 
39009 1989 2 1 22 48 0 11.05 -61.74 33 0 0 0 0 0 
39018 1989 2 3 13 5 0 11.76 -61.2 77 4.7 0 4.5 0 0 
39024 1989 2 4 18 32 0 7.97 -72.05 49 4.8 0 4.5 0 0 
39027 1989 2 5 15 35 0 10.9 -61.45 33 0 0 0 0 0 
39031 1989 2 6 9 34 0 11.81 -61.01 29 0 0 3.8 0 0 
39034 1989 2 7 16 21 0 11.28 -61.74 1 0 0 0 0 0 
39049 1989 2 10 17 55 0 10.81 -62.81 56 0 0 4.2 0 0 
39050 1989 2 10 23 39 0 10.44 -62.04 30 0 0 4.3 0 0 
39051 1989 2 11 0 52 0 6.79 -73.05 1 4.3 3 0 0 0 
39054 1989 2 11 12 49 0 7.97 -72.1 51 4.3 0 0 0 0 
39071 1989 2 14 10 37 0 10.58 -61.92 27 0 0 0 0 0 
39075 1989 2 14 22 25 0 7.13 -72.77 1 4.5 3.3 0 0 0 
39080 1989 2 16 5 0 0 10.49 -60.64 45 0 0 0 0 0 
39104 1989 2 21 14 33 0 11.94 -61.5 104 4.4 0 4.3 0 0 
39106 1989 2 22 9 28 0 11.09 -61.88 29 0 0 0 0 0 
39109 1989 2 22 15 16 0 10.57 -62.79 20 0 0 0 0 0 
39130 1989 2 27 23 46 0 6.92 -72.8 1 4.6 3.5 4.9 0 0 
39150 1989 3 4 4 10 0 10.61 -62.43 33 0 0 0 0 0 
39158 1989 3 5 19 6 0 11.57 -61.56 29 0 0 0 0 0 
39164 1989 3 6 13 33 0 10.18 -60.55 107 0 0 3.3 0 0 
39174 1989 3 8 19 25 0 10.72 -62.32 84 0 0 0 0 0 
39175 1989 3 8 21 25 0 11.01 -61.82 33 0 0 0 0 0 
39190 1989 3 12 13 55 0 11.61 -62.09 144 0 0 0 0 0 
39204 1989 3 15 7 42 0 10.5 -61.1 20 0 0 3.6 0 0 
39207 1989 3 16 3 11 0 10.39 -62.16 10 0 0 3.7 0 0 
39226 1989 3 20 1 39 0 10.13 -62.29 5 0 0 4.2 0 0 
39232 1989 3 20 18 25 0 9.74 -62.08 10 0 0 0 0 0 
39240 1989 3 23 13 13 0 11.06 -61.89 33 0 0 0 0 0 
39246 1989 3 24 16 23 0 11.05 -61.78 33 0 0 3.5 0 0 
39249 1989 3 25 5 6 0 10.71 -63.4 34 0 0 3.6 0 0 
39254 1989 3 25 16 31 0 6.75 -73.12 1 4.7 3.6 4.9 0 0 
39274 1989 3 28 15 8 0 11.15 -61.84 33 0 0 3.5 0 0 
39276 1989 3 28 21 37 0 11.12 -62.11 102 0 0 0 0 0 
39284 1989 3 29 23 22 0 10.24 -62.54 12 0 0 4.2 0 0 
39285 1989 3 30 1 6 0 11 -62.2 105 0 0 0 0 0 
39310 1989 4 2 21 30 0 6.72 -73.47 1 4.3 3 0 0 0 
39311 1989 4 3 0 26 0 10.74 -60.87 21 0 0 3.3 0 0 
39313 1989 4 3 1 45 0 10.52 -62.37 104 0 0 4.1 0 0 
39344 1989 4 7 12 54 0 6.82 -72.99 1 4.8 3.8 0 0 0 
39345 1989 4 7 12 57 0 10.67 -61.74 74 0 0 0 0 0 
39355 1989 4 10 12 10 0 11.2 -61.78 10 0 0 3.4 0 0 
39361 1989 4 11 9 55 0 11.08 -62.16 107 0 0 3 0 0 
39370 1989 4 13 14 14 0 11.23 -62.12 83 0 0 3.6 0 0 
39379 1989 4 14 7 56 0 7.01 -72.96 1 4.5 3.3 0 0 0 
39390 1989 4 15 14 26 0 8.52 -61.06 37 5.7 5.1 6 0 0 
39403 1989 4 17 3 27 0 11.72 -60.59 51 0 0 3.3 0 0 
39412 1989 4 17 12 57 0 11.45 -61.48 10 0 0 3.3 0 0 
39424 1989 4 18 20 30 0 10.93 -62.02 97 0 0 0 0 0 
39438 1989 4 21 1 33 0 11.02 -62.16 81 0 0 3.6 0 0 
39463 1989 4 25 8 7 0 10.67 -62.75 10 0 0 0 0 0 
39482 1989 4 29 23 52 0 10.94 -62.11 33 0 0 3.7 0 0 
39483 1989 4 30 0 29 0 11.21 -68.07 10 4.7 4.2 5.4 0 0 
39487 1989 4 30 8 22 0 10.99 -68.31 20 5.7 6 0 0 0 
39488 1989 4 30 9 30 0 11.37 -68.05 10 4.6 0 5 0 0 
39494 1989 4 30 17 3 0 9.4 -61.35 33 0 0 3.8 0 0 
39495 1989 4 30 21 24 0 11.29 -67.96 10 4.2 0 4.6 0 0 
39508 1989 5 3 19 27 0 11.23 -60.73 52 0 0 3.5 0 0 
39510 1989 5 4 0 22 0 11.07 -68.26 10 5.4 5.2 5.7 0 0 
39514 1989 5 4 5 41 0 11.76 -61.01 76 0 0 3.5 0 0 
39529 1989 5 5 2 47 0 10.44 -60.63 56 0 0 3.6 0 0 
39549 1989 5 8 3 8 0 6.93 -73.06 1 4.5 3.3 0 0 0 
39556 1989 5 9 21 42 0 11.36 -62.06 145 0 0 3.3 0 0 
39598 1989 5 16 20 3 0 10.27 -60.47 27 0 0 3.5 0 0 
39649 1989 5 24 1 22 0 11.06 -65.09 48 0 3.8 0 0 0 
39651 1989 5 25 3 33 0 8.86 -62.03 33 0 0 0 0 0 
39684 1989 5 30 1 3 0 10.49 -60.42 80 0 0 3.4 0 0 
39693 1989 5 31 4 15 0 6.87 -73.03 1 5 4.1 0 0 0 
39698 1989 5 31 23 13 0 10.75 -60.36 99 0 0 0 0 0 
39700 1989 6 1 7 57 0 10.52 -62.21 10 0 0 3.6 0 0 
39706 1989 6 2 14 2 0 11.81 -73.16 0 4.2 3.9 4.5 0 0 
39709 1989 6 3 0 50 0 9.98 -60.34 88 0 0 3.5 0 0 
39739 1989 6 12 8 13 0 10.95 -61.76 33 0 0 0 0 0 
39749 1989 6 14 22 49 0 10.26 -60.25 82 0 0 0 0 0 
39762 1989 6 15 15 51 0 6.77 -73 1 5 4.1 0 0 0 
39768 1989 6 16 16 44 0 10.3 -62.36 3 0 0 4.4 0 0 
39803 1989 6 22 10 7 0 10.65 -60.84 33 0 0 0 0 0 
39831 1989 6 26 12 21 0 6.86 -73.06 1 4.6 3.5 5.7 0 0 
39838 1989 6 27 17 9 0 10.56 -61.84 10 0 0 0 0 0 
39840 1989 6 27 19 52 0 10.68 -61.71 33 0 0 0 0 0 
39842 1989 6 28 0 1 0 11.51 -60.07 10 0 0 0 0 0 
39857 1989 6 29 23 18 0 11.62 -60.3 83 4.2 0 4.5 0 0 
39887 1989 7 4 7 16 0 11.02 -62.09 91 0 0 4.3 0 0 
39898 1989 7 5 12 50 0 10.73 -62.14 74 0 0 0 0 0 
39921 1989 7 10 12 30 0 10.66 -60.83 33 0 0 0 0 0 
39944 1989 7 15 3 45 0 6.8 -73.15 1 4.2 2.9 3.8 0 0 
39951 1989 7 15 21 40 0 6.85 -73.17 1 4.3 3 0 0 0 
39977 1989 7 21 9 34 0 10.81 -62 77 4.2 0 4.2 0 0 
39992 1989 7 23 9 1 0 10.78 -60.52 20 0 0 2.8 0 0 
40038 1989 7 29 19 15 0 11.11 -61.7 6 0 0 3.4 0 0 
40044 1989 7 30 13 17 0 10.41 -60.7 33 0 0 3.4 0 0 
40050 1989 7 31 8 20 0 10.91 -61.52 33 0 0 3.1 0 0 
40056 1989 7 31 20 29 0 11 -62.01 80 0 0 3.7 0 0 
40093 1989 8 7 22 42 0 10.72 -62.31 54 3.8 0 4.1 0 0 
40126 1989 8 12 10 39 0 10.6 -62.5 123 4.1 0 4.1 0 0 
40157 1989 8 17 21 53 0 10.72 -62.05 68 0 0 0 0 0 
40181 1989 8 22 0 42 0 6.74 -72.97 1 4.9 3.9 0 0 0 
40183 1989 8 22 2 23 0 6.65 -73.19 1 4.8 3.8 0 0 0 
40192 1989 8 23 10 54 0 10.22 -60.49 28 0 0 3.4 0 0 
40197 1989 8 24 3 31 0 11.03 -67.9 33 0 0 0 0 0 
40222 1989 8 28 10 32 0 11.1 -62.04 104 0 0 3.8 0 0 
40223 1989 8 28 16 6 0 10.66 -62.48 7 0 0 3.5 0 0 
40229 1989 8 30 9 7 0 6.78 -73.57 1 4.3 3 0 0 0 
40230 1989 8 30 11 28 0 10.26 -62.04 10 0 0 0 0 0 
40242 1989 9 1 14 2 0 10.44 -63.84 10 4.5 0 4.6 0 0 
40274 1989 9 8 19 10 0 11.1 -62.1 66 0 0 0 0 0 
40279 1989 9 9 23 19 0 11.75 -61.96 143 0 0 4.3 0 0 
40302 1989 9 14 1 36 0 11.63 -61.3 35 0 0 0 0 0 
40303 1989 9 14 1 57 0 11.07 -60.9 69 0 0 3.2 0 0 
40309 1989 9 14 8 6 0 10.58 -60.32 72 0 0 4 0 0 
40323 1989 9 16 11 28 0 10.56 -60.3 80 0 0 3.5 0 0 
40364 1989 9 24 10 53 0 10.11 -59.84 47 4.9 4.5 5.2 0 0 
40365 1989 9 24 16 56 0 10.47 -60 62 4.4 0 4.5 0 0 
40367 1989 9 24 20 37 0 6.99 -73.12 1 4.8 3.8 0 0 0 
40384 1989 9 27 23 31 0 10.39 -60.4 116 4.6 0 4.6 0 0 
40396 1989 10 1 5 3 0 10.95 -62.14 20 0 0 3.6 0 0 
40405 1989 10 3 19 3 0 10.45 -61.26 44 0 0 0 0 0 
40407 1989 10 3 22 26 0 10.97 -62.18 68 0 0 0 0 0 
40432 1989 10 12 17 16 0 11.78 -62.5 126 0 0 3.6 0 0 
40434 1989 10 12 21 33 0 9.99 -69.68 1 5 0 0 0 0 
40436 1989 10 14 4 42 0 10.81 -62.29 83 0 0 3.4 0 0 
40453 1989 10 18 6 4 0 11.05 -61.97 50 0 0 0 0 0 
40462 1989 10 20 6 46 0 11.03 -61.93 24 0 0 3.7 0 0 
40475 1989 10 23 0 22 0 10.3 -61.4 33 4 0 4 0 0 
40481 1989 10 23 4 42 0 9.39 -69.83 10 0 0 0 0 0 
40483 1989 10 23 8 40 0 11.73 -61.19 26 0 0 3.4 0 0 
40492 1989 10 24 6 12 0 10.83 -61.47 32 0 0 0 0 0 
40502 1989 10 25 15 6 0 8.8 -70.8 1 4.4 0 4.4 0 0 
40507 1989 10 26 16 44 0 10.65 -61.44 30 0 0 0 0 0 
40509 1989 10 27 5 38 0 10.84 -62.45 93 0 0 3.1 0 0 
40510 1989 10 27 8 24 0 6.81 -73.02 1 4.9 3.9 0 0 0 
40514 1989 10 28 17 48 0 8.8 -63.1 10 4.2 0 4.2 0 0 
40558 1989 11 5 19 46 0 11.21 -61.98 13 0 0 3.5 0 0 
40600 1989 11 12 3 8 0 10.91 -61.92 49 0 0 0 0 0 
40607 1989 11 13 14 49 0 6.62 -73.3 2 4.6 3.5 0 0 0 
40619 1989 11 16 16 7 0 11.49 -61.94 34 0 0 2.6 0 0 
40620 1989 11 16 17 29 0 10.03 -60.5 72 0 0 0 0 0 
40621 1989 11 16 19 11 0 10.56 -60.75 90 0 0 0 0 0 
40623 1989 11 17 3 15 0 11.02 -61.85 33 0 0 0 0 0 
40625 1989 11 17 16 34 0 10.68 -62.61 23 0 0 3.2 0 0 
40635 1989 11 18 22 43 0 10.73 -60.85 22 0 0 3.1 0 0 
40638 1989 11 19 1 52 0 11.29 -62.1 144 0 0 3.9 0 0 
40639 1989 11 19 3 6 0 10.5 -62.27 5 4.3 0 3.5 0 0 
40649 1989 11 20 23 7 0 11.22 -60.64 39 0 0 0 0 0 
40659 1989 11 23 0 41 0 7.01 -72.84 1 4.7 3.6 4.4 0 0 
40662 1989 11 23 5 55 0 10.56 -61.52 142 0 0 0 0 0 
40667 1989 11 23 21 3 0 6.68 -73.35 1 4.2 2.9 0 0 0 
40668 1989 11 24 2 14 0 6.8 -73.38 1 4.3 3 0 0 0 
40673 1989 11 25 3 32 0 11.19 -61.97 23 0 0 3.2 0 0 
40676 1989 11 25 11 53 0 6.79 -73.02 1 4.5 3.3 0 0 0 
40690 1989 11 28 5 15 0 9.01 -61.89 34 0 0 0 0 0 
40693 1989 11 28 22 32 0 10.15 -61.41 59 0 0 2.6 0 0 
40698 1989 11 29 10 20 0 11.06 -61.62 69 0 0 2.8 0 0 
40702 1989 11 29 22 41 0 11.43 -61.3 59 0 0 3.1 0 0 
40708 1989 12 1 3 29 0 10.91 -62.06 69 0 0 2.7 0 0 
40710 1989 12 2 2 27 0 10.46 -61.42 16 0 0 0 0 0 
40758 1989 12 10 15 38 0 10.97 -62.49 26 0 0 3.1 0 0 
40768 1989 12 11 23 25 0 9.15 -62.16 10 0 0 0 0 0 
40779 1989 12 13 13 44 0 11.05 -61.98 33 0 0 3.3 0 0 
40784 1989 12 14 16 9 0 10.58 -60.5 76 0 0 0 0 0 
40786 1989 12 14 22 54 0 11.21 -62.25 91 0 0 3.5 0 0 
40793 1989 12 16 14 38 0 6.98 -72.94 1 4.3 3 0 0 0 
40795 1989 12 16 20 28 0 6.82 -71.78 0 4.8 4.3 0 0 0 
40805 1989 12 19 7 42 0 10.82 -61.55 33 0 0 0 0 0 
40810 1989 12 20 10 30 0 10.97 -62.16 87 0 0 0 0 0 
40811 1989 12 20 10 59 0 11.45 -61.72 10 0 0 0 0 0 
40814 1989 12 20 18 15 0 10.92 -61.93 47 0 0 3.2 0 0 
40821 1989 12 21 15 16 0 11.18 -61.94 14 0 0 3 0 0 
40829 1989 12 23 3 55 0 10.48 -61.82 4 0 0 0 0 0 
40831 1989 12 23 14 25 0 10.75 -62.82 10 0 0 3.5 0 0 
40836 1989 12 24 22 36 0 10.44 -62.28 5 0 0 4.4 0 0 
40851 1989 12 28 17 47 0 10.85 -62.31 66 0 0 3.6 0 0 
40862 1989 12 31 18 51 0 10.39 -62.62 10 0 0 3.9 0 0 